2006000
182
1 23000 3449 1655 1574 3148 5091 2717 3687 2374 5705 334 3830 652 619 5124 6028 2865 1279 4151 5383 4236 4892 2218 5878 182 4748 6268 2289 2784 2882 6651 1535 3290 4220 213 5880 1698 5589 2467 2173 1555 935 1748 1334 366 6385 1169 3286 2534 855 5205 3613 1198 1697 1536 6182 640 4402 1669 
2 43000 8282 132 9618 1536 6239 537 4644 5303 10470 3676 8602 3994 51 4630 5823 242 5559 7823 12653 9443 7523 364 6200 2915 2298 7068 6614 874 11541 9209 1640 9688 8675 2853 9970 7091 1276 5106 9481 1379 6034 1874 394 11998 7599 6116 11193 968 11839 7183 8326 4808 4541 2968 3175 7373 1052 7343 2641 8576 667 6610 7437 7249 8183 2797 4421 7937 8543 10200 1134 11949 6164 5576 7282 9496 7427 8634 4499 2101 1674 7095 10064 8239 1434 8458 2444 3852 4525 11911 165 10653 9465 878 9089 5425 527 2819 11032 6459 1502 110 2725 3516 2754 1830 4930 
3 44000 6281 2733 11578 8070 5420 12929 2762 7985 851 4475 4450 3661 9460 474 7604 8209 2070 8278 3537 4059 58 903 4400 4954 10423 815 7491 8305 5672 8201 162 3154 7897 5633 8763 9510 11338 7368 5530 5353 4016 4185 974 10617 3654 1458 12755 6926 7646 314 4296 6145 7797 5839 3470 11674 1445 10518 2461 12726 10104 6046 6512 1620 4182 4796 8949 2954 2744 1124 2199 9975 7923 11062 9320 6317 6267 4681 7934 12235 3071 9266 10261 6934 2502 9522 4378 2134 6075 10385 10874 4881 6179 4710 6254 5177 4598 7914 12119 6788 11444 10595 4519 9669 11849 6574 2879 4950 4913 4141 
4 18000 5245 428 5474 5190 2700 1906 3526 4263 2626 995 2015 1801 4905 1347 3797 5905 344 1756 2950 2497 4837 483 651 313 3906 3316 1237 2737 2055 1319 3693 4122 3327 4531 3642 5352 3926 4078 944 5550 842 4592 4385 194 1392 2929 74 5148 1031 4224 
5 39000 8952 2351 6282 2646 7418 1232 2783 7748 821 8702 1413 697 6078 5582 5519 8335 251 818 3841 2725 3078 5932 3032 80 4425 6170 10294 11103 5102 452 1444 1093 11455 1048 5455 3105 5198 5380 45 5812 1462 1299 4978 6349 7789 1208 3663 3228 5569 4495 3168 4365 1005 11433 3659 8373 7137 9327 49 4552 8361 11456 8410 9143 3273 5699 9754 227 2508 8404 8354 3135 5133 7962 7688 1276 4814 6460 7504 5182 11032 7728 8165 1540 8724 6829 6598 46 3545 3928 8359 6272 12232 12465 1644 6388 4623 3542 7394 4847 10461 2160 4993 5591 1585 6727 12182 2894 
6 37000 6310 10369 2356 5463 3620 5657 2090 3089 1607 5537 4274 7009 125 7476 6187 9644 2094 9407 873 3452 4414 999 253 4840 5567 2055 3124 229 612 8428 1475 6645 915 562 3890 5823 2075 6704 3394 4816 7799 6135 1537 7223 8907 528 4980 3033 5115 10261 2666 1548 7527 1858 8915 7251 1481 1772 3752 3959 4894 7758 62 4790 5416 9700 1546 8358 4378 6100 3904 5843 7500 5856 8555 3119 6816 392 3093 1041 1035 6971 8873 6465 3763 7919 4084 9966 7703 2905 7849 2798 
7 19000 4808 1438 2575 1153 2003 305 552 1133 4621 478 956 5725 1218 1601 3363 865 617 2901 5532 1286 2099 2665 5617 1007 2775 3988 2672 2097 3314 134 1456 1050 948 5441 2714 771 3066 909 3401 3280 701 5735 2996 5020 3570 4128 1533 3267 3176 
8 38000 9249 8412 6965 5587 4101 9860 1324 7175 11565 10530 9585 5167 2518 11407 5074 10731 7944 7390 8397 2519 9179 9331 593 509 8416 3243 5588 8601 4606 582 11091 7033 8997 7028 4664 6590 3109 292 3997 3298 5615 1519 2242 8711 246 430 2528 7994 2385 7334 7443 11554 873 6185 8232 3586 5405 5974 11480 3679 7767 984 11382 2261 496 5003 3028 7307 7211 144 4045 5704 1689 4851 8067 849 349 3038 5156 1557 8831 4389 450 3331 8634 2199 10847 2807 6846 2655 7440 5056 3665 2517 740 1919 6662 9985 1221 3878 9728 
9 23000 4779 1926 7300 2556 1798 5511 2388 730 5137 1956 877 987 4229 3243 2781 2374 2612 6944 3457 5187 7076 3447 4322 2857 1195 3235 5498 536 2554 1910 6332 4982 5742 2059 4 1574 2927 5741 1850 1013 5661 4274 3104 4359 218 1251 5768 1304 6673 2539 430 3058 1205 3670 5343 5707 5862 5828 6164 2076 6116 6239 
10 39000 3901 513 4298 6235 1430 7327 8744 6534 1523 2467 7377 11291 8048 807 7444 7139 6917 6670 8257 4619 11432 8053 5438 2731 3654 602 1312 3389 7355 4959 1813 7396 6714 8898 3956 9516 6213 22 5870 3004 5706 9560 2654 5323 6214 4053 1538 9461 2552 5968 1084 885 10376 8958 3480 2641 6866 944 7463 5248 7418 5895 9764 2268 8449 10188 7067 10437 7310 4841 1776 7477 1673 1447 8857 4912 6193 5551 8719 7203 10135 5089 2025 7877 1717 1146 3966 573 2324 3700 7944 2869 1123 6926 946 6938 2042 5374 11743 7683 1693 3527 4967 8770 
11 20000 4794 1907 1665 715 3690 621 1331 2183 5491 4453 2575 5646 2012 1954 1755 1582 3085 2714 3844 170 2227 5504 1080 4449 1861 4554 4514 2448 2255 188 1978 240 4498 4157 3782 2370 5144 2533 5026 2871 5631 5238 931 1265 609 2414 3485 4347 1567 
12 48000 10874 4931 12980 5968 1555 2649 13736 14198 11305 13050 9728 2968 1585 1373 11822 1749 9390 7107 4339 5939 4500 3876 3448 7075 1146 12416 7186 5908 5929 12736 13179 5884 6097 6038 3569 6785 6016 736 9928 1561 524 890 4476 976 8450 1070 10764 77 2615 2079 10854 1839 11316 2838 13392 448 5553 330 9865 8070 9934 7823 14310 1413 1031 13605 14030 3009 8489 2999 12020 7758 4027 11263 2202 6616 3410 6146 4827 1617 2889 4713 10791 2803 3979 6725 14349 1687 1686 5563 3722 11478 3839 8727 380 2359 6087 3953 646 695 6049 1518 4590 10090 10637 4187 450 2012 1135 12987 11262 2995 6294 1449 5024 1850 5162 4603 4210 5299 12656 2190 
13 36000 7651 6211 10235 4656 1855 9704 7481 6413 4491 2010 9232 3637 2426 5643 732 5594 7789 1929 6895 7918 5985 2030 2837 7610 6809 6105 5225 4727 9624 4909 9336 844 4285 4205 9069 6900 10103 4352 2452 983 1362 8163 10224 4465 8971 275 3356 1541 3505 4779 6155 6491 235 5780 2898 5669 350 4196 325 6485 3065 5905 291 4734 7695 8226 3973 7310 1306 7455 668 4564 1579 257 131 4715 2797 1641 8478 380 6758 2667 5171 5728 5511 1285 6677 3579 
14 39000 2606 7104 8710 5212 8233 5955 3169 3836 2431 6970 6670 4331 4672 10371 7388 4569 11948 6335 2547 9581 2781 6191 1139 5448 2437 2662 3858 3004 2163 4837 339 4060 3428 2366 8820 2914 568 422 6666 2926 4620 514 2631 470 3283 1872 3413 11245 6033 114 8290 5293 3255 10958 5143 6709 1215 5636 6574 5103 7882 7908 10603 6467 2191 5032 4244 6060 6720 10726 8715 901 6694 1945 5514 4759 5696 5801 6372 5053 3570 3055 2486 1997 3717 6147 4286 4851 7136 948 6609 9891 5237 2239 1683 6732 4009 9381 3305 7073 7848 7847 
15 38000 4356 620 8584 6762 4792 6958 3529 8942 4940 7515 11267 5418 4383 5175 2896 9933 6920 1343 7955 8851 4744 10582 1024 8317 1692 5374 7346 3914 11159 5533 6490 7425 7997 5001 1930 11006 6715 279 3573 9250 11016 7223 89 1957 4545 6276 8754 8205 4805 5808 7624 2764 2252 2654 5667 4099 613 3520 6033 281 1634 2352 6897 5969 1276 8608 10315 7679 1532 7384 10835 7778 7771 7932 5282 2448 11075 6935 4933 7043 5995 1925 8685 1968 509 1826 8295 7162 9472 4344 8072 6828 2603 5591 9290 10593 8819 6810 5644 1220 
16 16000 3991 2484 357 2455 381 538 1755 4709 2908 2767 2113 2550 1429 2311 1557 3286 3984 599 4445 286 1975 3143 1431 1179 2848 4062 3897 3566 1112 418 973 1360 1956 994 3882 3082 1396 3308 2300 1592 332 
17 29000 2276 676 2313 1997 3811 6735 227 1942 8807 7129 3447 4802 4231 1265 6824 4295 6695 4494 3004 472 506 4126 8761 1418 762 1760 2891 4723 1691 2317 739 3604 5225 3728 808 2492 7138 7503 3724 1848 6175 2842 2170 822 486 1327 140 2500 1260 2172 4536 6297 1303 5791 4799 7860 6509 5457 725 8738 2294 7253 5475 4709 2003 8153 7601 1223 6763 218 7192 8764 6105 7003 3494 
18 23000 5392 1763 7082 5159 1113 4323 3511 6820 471 3232 4285 1133 3935 450 4612 1021 5036 3803 5785 3980 4663 4992 5135 3729 3673 406 714 7120 355 5418 6168 5794 1284 2086 4884 4674 5835 4812 1906 680 5354 376 5872 4201 2976 691 6520 6212 3774 6849 5386 6636 5649 6702 3215 3865 2108 3984 6350 730 6028 6012 7178 3127 5587 
19 45000 2122 496 3213 13426 14489 7256 7423 12766 2222 11095 7838 7720 11480 726 4530 4799 7895 13793 2876 12621 7175 13289 1935 11531 13412 12016 2244 2539 13868 8049 12833 2043 9943 5144 9213 6016 1254 9912 8421 12488 6032 5240 2324 651 5202 1787 3976 1533 3382 3181 891 13014 8410 8005 5559 3061 6647 12013 8895 4111 6606 5882 6179 13002 5766 2321 1835 5966 11077 6196 7013 21 1115 3540 2520 7110 2433 1406 2344 9442 1211 3280 14094 4547 3574 3567 10848 4807 5291 10138 5921 6359 1475 7912 747 7229 1596 5694 9847 3256 657 3534 12837 2656 14433 2614 840 12584 7674 898 1014 1354 2494 10783 3870 3113 4713 502 4994 3123 1737 11469 6467 1758 6840 
20 48000 499 1223 12755 4016 1841 7810 3827 6495 138 5576 2981 6336 2814 46 6090 4376 608 10164 6212 2647 9009 2542 166 5310 721 2522 8442 1771 9784 6900 7275 12295 2913 2495 3603 598 5936 3591 2233 8174 9866 9347 10288 2104 11114 8445 7094 4493 6555 6431 2865 6154 6934 30 10688 1264 2937 12965 2144 7255 1759 3074 12273 10420 9457 825 2376 6835 3423 5150 6002 4313 11728 7968 12786 9177 2432 6113 4315 2248 6261 13664 6478 13007 4905 4012 1288 7728 11195 5215 2312 454 12089 3958 1774 5676 9439 12313 11559 7300 6601 6505 11378 7208 3031 2551 170 1332 10592 547 6596 2020 7494 11021 3995 5234 
21 18000 2000 469 1995 2836 600 3696 3966 2487 4903 5435 3073 1885 2554 2757 2433 5203 4587 1538 1677 1493 4376 701 328 2772 2775 712 1482 1269 722 4213 5185 2227 4194 537 574 247 2753 92 2127 4082 4547 4625 4317 1866 4861 2539 
22 20000 4385 3061 502 1789 4960 4391 3364 4114 69 3556 2197 388 3977 2517 5148 2807 2924 3252 4277 3648 1865 3607 4096 3011 2889 5095 4411 1942 782 459 1243 2286 1049 1821 2301 1347 2420 3449 2922 1291 1786 2393 2775 4430 395 5109 688 2918 
23 33000 4190 8204 523 6960 8615 4503 110 3792 8237 4422 1518 1146 4872 6527 7921 2361 879 8428 2484 6495 5552 10160 5810 6753 1955 10820 5969 10396 3451 62 5522 8946 10575 968 3093 7348 8512 474 1034 9710 2573 10613 7498 9678 1871 2655 10219 4334 5454 2153 9936 6610 5037 4996 5549 3054 4980 4174 8657 1600 4142 862 9697 4138 4354 6983 2963 4563 2104 5872 9768 9950 6528 9248 8714 4498 411 5700 2380 163 1706 5212 2510 8790 5104 5898 6074 4097 9166 8989 1644 1061 9890 
24 19000 1919 1661 2985 140 2284 2757 1486 790 1924 2255 3441 1109 2424 257 4688 3867 3359 1016 4729 313 3046 2773 2664 1067 4474 3917 2642 1111 457 2199 2873 4740 2632 1007 835 1954 3073 4647 855 2352 757 3582 2098 3550 2260 
25 39000 3344 3209 539 8589 5424 11552 1358 8759 5007 6276 2118 6521 893 7953 5243 1616 6902 1935 8280 5065 2417 12063 8987 1730 4707 5652 1296 11238 9530 6795 112 4190 8088 1425 3659 4972 2696 3734 2609 7580 8476 8698 10138 8165 7979 9199 3271 3056 2895 8347 7135 9441 6891 5909 6486 809 3830 7154 732 2271 9575 6149 4773 8306 4015 7107 426 1283 6690 3147 8566 5327 226 2 9868 5841 3299 681 5024 11517 8660 2294 3314 3218 7882 6273 10357 2508 11953 1689 7677 9949 9118 2218 2701 2637 1187 9384 2672 2259 3585 8000 
26 36000 5752 4319 9016 10280 1267 1251 2277 8453 10846 7261 11061 9097 10320 8254 3672 9693 7248 1054 7499 7053 9688 11032 9026 9509 1691 2012 5540 423 1063 6239 5982 11013 2713 7106 8584 4376 1405 673 8841 3897 6811 5961 9810 4062 7319 8030 4399 5016 3213 257 287 136 6507 5134 4593 7600 251 4456 4599 3054 5467 269 7717 11219 9440 1296 1384 2259 9562 2442 736 11208 5581 1128 5696 8400 7562 9843 2783 1421 3717 8621 8471 6542 1986 9260 1197 346 8604 4597 5661 3712 4862 7756 2698 
27 30000 8597 406 6382 81 9590 1397 4473 5019 5680 2550 9422 8328 8237 7478 3117 1462 706 9576 6121 3916 15 6911 8453 9560 6673 9055 9112 5744 7470 1391 376 9344 7888 9240 1798 7112 7187 11 3708 3067 6278 7253 8393 7564 1095 8283 7581 478 1132 7832 391 5979 8209 911 9828 7306 2259 8074 6215 7574 1028 9022 2019 500 8003 209 10031 8704 3148 626 900 8972 1795 710 2827 3881 9146 4534 3189 2476 574 2806 6021 4880 6439 
28 33000 7169 5206 6041 8272 7992 4480 4247 9071 4955 2758 1314 1498 117 4467 1923 115 1770 8508 5214 416 7682 9598 256 4133 6196 9486 532 2200 8051 1293 123 9220 2588 4168 8468 151 6960 5635 6637 3294 3788 9309 6798 5448 715 1806 1242 233 3522 7918 2646 2356 6833 5927 5823 7819 4867 5917 483 3273 2287 4210 6394 3574 1174 5794 7103 9915 5589 7805 7906 4349 7960 6585 3035 8174 5423 9054 9363 2039 4649 2251 3724 3954 3845 3533 
29 23000 5169 1180 327 5483 2272 149 3548 436 4572 6941 3594 1763 7305 6751 7407 5282 3308 2190 5237 2749 162 5310 2593 540 1805 1438 79 3485 4008 2019 4922 4818 4753 7303 4780 9 5592 5552 5320 1550 5492 3525 5925 5563 103 7232 1498 2703 2595 404 3605 238 241 4721 7364 3294 4960 7147 6822 4563 3581 5276 5362 1288 507 
30 38000 7866 1041 3869 6816 4196 10348 8869 1334 8133 9325 7756 8387 2236 8369 6369 2376 1299 3665 2158 953 11015 4408 5787 5323 2762 11802 1458 3566 9197 11758 3453 4844 8901 11220 3056 143 3060 9643 3536 4342 4357 8930 10753 8956 285 3027 6658 5143 6380 3188 7541 10407 6442 6962 1 5403 4099 4723 5607 5291 8854 5252 3308 11201 3444 8502 3154 7070 11536 8749 414 7667 9591 10794 6597 3690 3085 9841 52 8478 7607 9260 7247 6414 3531 10547 3953 4896 7579 7099 9295 4617 1650 8955 1656 3438 7338 3986 9793 5527 
31 16000 1124 3255 379 1996 1906 3997 1185 3080 1935 2533 239 2710 678 721 2707 3021 3258 3674 2415 3856 1919 2399 3271 345 2030 3486 1353 2357 1598 3414 1011 3691 3680 2036 2923 889 4146 2247 1285 
32 26000 3765 4499 654 2131 5778 2602 2521 2302 7232 4083 5150 5938 1818 589 5764 7768 329 3263 1272 4680 6976 6517 3707 4996 5998 4971 5607 2595 3117 2963 1061 7397 3813 3565 2640 1852 8627 2290 8514 1342 1860 8117 479 1201 1825 4194 3178 3740 2774 3264 1406 205 1001 7106 1367 1481 7173 196 8402 33 5028 3846 4551 4929 3764 3165 3046 4848 6008 1056 7393 6961 5414 
33 43000 11771 6642 2738 6463 888 295 13034 11660 10157 4370 3392 4339 8157 6590 794 490 10410 11279 1676 4491 7407 13067 4359 2552 8175 7236 8483 870 5487 8103 12213 8795 4080 1252 9715 9474 3192 2729 1958 9951 3285 6733 813 207 8559 134 1880 2363 7024 1490 5924 2570 6865 8230 2489 2424 4012 8046 5189 3937 13010 7436 3856 10801 809 13422 3529 11143 12846 5813 6294 5082 1265 2092 4931 4522 2170 8644 8922 12265 7456 6213 3739 8377 142 2845 11806 5968 1434 8826 9434 1366 1647 5875 2375 2731 6584 3548 5381 1117 347 725 136 5362 4342 118 4355 3580 4902 3758 7039 7548 869 9567 4368 
34 24000 898 4255 1707 4664 2414 973 5501 4118 646 155 4258 6905 2680 4043 2508 4817 6370 3430 211 6379 7076 2759 1790 5336 6025 4788 4512 4015 3269 6027 4112 6126 4212 989 2478 3571 1468 3925 5480 6818 3575 780 2892 1411 1240 3397 3680 840 6712 5124 5029 237 12 2703 3885 1148 2904 4313 299 4162 
35 39000 9205 6816 10828 1120 1381 4423 6371 7587 5394 9229 1770 2566 8737 4616 3403 884 9923 6613 3003 3716 8135 9603 7597 3052 5241 8421 1506 9593 7814 2829 820 8436 266 1977 836 6541 2309 7988 8746 4053 5890 4764 6135 8654 11331 5657 204 1725 5962 9404 6093 9602 695 10924 7147 4028 554 134 5880 1020 8149 4581 9485 7653 5033 8146 2368 2790 2164 4005 7826 5947 4220 5589 1091 7222 2486 5347 925 6827 1488 1061 348 8996 3121 11477 4879 5821 3108 4945 6366 831 10909 4352 3912 10770 8783 8088 4996 7288 5104 10191 
36 48000 1307 14259 15558 10534 1103 5511 4692 9234 9892 4623 7533 4757 2943 5009 3930 12122 12828 706 7997 5649 2786 12283 3698 3010 460 2285 4110 12575 8308 3066 720 1804 5309 2391 5821 12368 14169 138 2241 15456 5639 15736 3403 11043 2731 1893 844 12383 12739 13860 12737 14909 6071 4057 5153 777 1114 12096 908 3699 5542 2737 3934 13711 1089 4749 717 2187 4421 5509 7500 1064 13031 9627 103 2009 2546 11812 11626 4103 12942 13809 2432 7719 4292 2573 10516 14163 4905 4176 13208 4552 1963 15196 2693 14113 3507 11097 11299 394 10556 482 15409 11771 9329 3303 3413 2183 2692 12336 3471 727 15075 7766 5185 3323 4895 14891 2050 7663 1984 3319 3703 422 10126 11671 10615 3949 2812 3244 2462 7336 4863 1771 12686 
37 17000 2457 210 3034 4432 3259 3501 3782 774 882 2584 2455 3770 478 175 1635 3984 2777 3031 2595 1072 1188 513 3431 2147 699 3691 2236 1392 4413 1700 48 3016 422 1657 926 3763 2944 1798 569 4877 264 2042 
38 23000 1728 4391 41 4510 322 6426 3613 2707 6124 5522 1668 884 5819 3501 6560 513 1977 59 4764 6628 5134 5255 3284 1135 1063 2683 4989 5243 803 5736 6250 5389 4505 4321 1991 4997 5877 2638 3980 200 4036 5977 1947 6249 4701 1779 4809 816 5765 461 2718 4780 805 5649 2041 5544 3616 3014 
39 20000 188 5002 5473 2466 2517 1362 1471 2190 2253 1666 3999 305 3089 3774 1921 936 3461 1655 4693 1570 5331 355 2283 1323 318 5319 631 3714 1925 3901 4419 5654 5332 696 2903 1482 275 5602 597 5379 4805 5607 4027 2891 3988 48 2529 1975 4151 1703 4395 
40 43000 822 3807 4909 7668 6762 2328 2837 3992 3748 5756 3530 12036 7312 1706 7615 9714 5991 8607 1265 1385 2164 610 9567 7441 11923 2192 7008 5360 1772 10279 4708 745 10371 91 1501 116 11437 4736 3321 8456 308 5132 11117 2283 5084 12161 7071 5500 10720 9444 1108 5769 8218 2371 10077 4840 3843 7869 5801 4392 4630 4831 2686 3673 2565 3367 5892 10681 3376 1473 7669 6783 7521 4423 67 11413 1901 3151 4095 7868 2033 1738 2642 277 7240 3161 2987 9710 2307 1232 2588 4477 7939 6299 2321 8062 3624 2298 6840 287 4376 2701 5465 6959 8835 6941 3220 5262 
41 29000 9502 6129 1635 2123 5689 769 519 5272 6250 7866 6845 8891 5335 8592 7310 212 1160 8155 1643 1164 3046 1366 927 4676 4731 2170 5602 1880 179 945 2059 5556 8549 4092 1999 6076 7793 584 1694 509 94 8958 8688 4578 8555 6837 3585 2768 5841 765 4729 816 66 5417 52 3879 1770 5886 6584 420 3613 8428 3778 9411 4344 41 80 5703 1025 5553 2749 7639 10 626 2038 6177 4634 6038 7425 7257 1507 
42 16000 2330 198 2272 1917 3470 4167 1058 1017 3265 3828 1327 4355 266 2645 2845 333 1928 3845 2220 91 4268 248 935 400 2923 2391 1367 851 4242 769 945 1249 1629 1820 2569 3198 2658 1493 83 
43 35000 6876 4369 2939 7281 7412 2139 4510 4872 5435 1115 4361 2038 9697 4229 4087 8609 9709 10835 2315 7110 2718 4373 10540 7284 3616 4938 9238 8269 4778 662 9397 523 4963 3519 5262 4538 4476 1991 1501 6456 1064 7544 10313 1783 9868 5984 7184 1232 992 6851 3015 1827 142 9684 5680 10636 6710 2852 3048 6296 4214 1689 6412 10930 9575 3381 5678 8947 10200 8362 9666 5903 7270 8124 2719 4837 8856 723 4070 9333 5635 5973 7583 9275 3864 2835 7494 4950 443 8376 10196 6305 9114 
44 47000 3043 3032 1939 5959 10219 10003 12057 1536 1265 8225 6998 5113 4129 2760 4187 1647 5507 3983 12824 7476 4442 11540 7894 5525 7031 4069 342 244 224 345 13107 11522 8085 3482 7386 7841 5655 3480 2027 1894 6350 12924 10579 6902 6703 4547 5126 9114 4006 1204 3406 2747 426 4811 7544 632 7924 1869 789 8601 7469 3590 2922 6928 12335 4521 567 2270 5553 4131 4112 7290 5811 8368 650 8594 3492 10909 6304 3366 7145 10297 4989 2887 4313 10504 4987 8736 10051 639 1427 4269 9203 4094 7796 10722 5384 12895 6527 2009 2342 6876 4497 3725 6201 771 6324 5755 3245 506 6115 5570 2788 
45 32000 4375 7763 669 8223 8436 547 210 7698 7514 8278 508 6829 651 5381 6917 5641 1819 2547 1063 1460 8268 2992 4452 3834 5878 6745 3078 5350 1868 7561 4415 5618 5313 2506 8862 3740 1419 4950 8984 9155 5721 8897 9868 2836 1534 1165 466 4491 2452 864 3631 1581 4138 4224 6278 6973 1593 1882 3862 5711 7645 3994 3870 9353 3380 2435 2918 106 10035 5550 8220 1609 3639 1767 3223 7200 4538 9576 8683 1143 3831 883 2798 3771 6961 
46 17000 2990 1481 4103 529 259 1219 831 3964 3677 4479 4506 3832 4518 2971 3736 4354 994 1993 1055 3160 4034 79 1483 4153 543 1733 38 4508 3817 2021 3408 4816 2087 4411 3447 4157 1559 2029 1241 814 4852 868 4844 
47 48000 7205 4363 7333 8334 6540 124 3684 2173 1957 3873 1312 346 2533 5594 12637 7822 5095 4546 10781 11164 13931 12677 13467 4443 1319 3715 12498 7395 6530 5871 11142 1195 219 8027 6951 1976 5497 9966 3263 2684 1694 3856 9102 2695 1900 11576 1801 9716 1392 1371 6875 580 5039 8142 5848 5419 12413 10269 851 2990 6294 13340 8414 3909 11139 3289 3008 12674 6774 11910 2444 12426 7558 5487 3184 8926 806 12978 6562 128 3395 4094 9787 11213 9942 10211 14240 1361 3866 1549 6928 7711 13826 4855 8488 4587 1746 2602 7095 10636 4184 181 2573 10357 2465 62 6965 4065 6556 7521 4155 10761 6513 10514 9797 12274 4148 11112 3046 11166 2875 
48 18000 4047 493 3223 3260 326 1077 348 4963 30 342 619 4809 179 974 2658 3704 1894 1082 3239 2788 2461 5054 701 2099 1728 4155 1193 39 3823 2043 1321 1800 4194 4125 1705 194 2212 2890 2278 3852 902 4466 271 942 
49 39000 5546 8083 1672 1902 138 1860 7185 9355 10341 9879 3350 4658 4894 8213 8423 9184 8543 3036 7468 3688 656 8133 7601 9509 7171 1733 9047 3358 8896 8263 1722 8334 8344 7051 8218 8847 4378 6761 3094 857 5339 4471 7686 3978 281 10648 134 7592 1968 9514 784 6873 349 4652 9627 5728 4011 6709 8337 10511 9797 832 216 9420 1329 4800 5320 8226 9851 2849 9635 812 7217 2343 2807 10558 6625 1260 9634 3241 5633 8328 5105 1048 7013 115 4319 5218 3869 3824 2827 464 9462 111 976 3434 
50 22000 6056 4763 4766 1913 3826 5097 5975 4846 504 1552 1375 2400 1620 3024 4856 1668 6688 5656 2637 5113 2994 271 2658 5205 6250 2075 1262 2453 5035 3558 2498 3284 2986 2426 2981 6274 3377 3486 42 10 3949 3885 1033 861 5598 1926 1206 4541 4619 2642 7055 638 2136 6593 3458 1710 1143 1756 6484 5362 2070 2677 
51 41000 5657 7777 3654 8141 4858 1121 1128 8478 11097 9256 1592 5914 1094 11231 10181 11259 7470 371 1196 210 3746 9313 1180 103 2357 7097 903 5179 1613 8757 3107 4297 5400 5044 9115 7743 3921 6923 5181 11054 5024 2094 4014 8291 7731 5199 2168 7502 1042 5457 6781 115 1020 10377 6072 9401 9093 7378 9477 3722 1425 2571 7316 3049 9125 7585 6744 8997 6097 5818 8816 4877 8384 73 3522 5251 3792 574 3108 1212 5891 11494 5237 4319 4622 6077 1115 8949 7487 9162 5290 2446 9537 9878 9275 4679 970 8663 6114 
52 38000 4 9315 5436 2980 7398 286 582 5509 6788 4597 4718 8087 1698 6367 4400 3520 3595 5224 1646 7888 5545 8002 7225 440 5561 3983 397 11536 6876 4575 694 9437 1766 4623 3273 6881 8182 10035 8731 413 7253 3147 5399 7154 9460 7132 4836 3676 549 4846 7449 5693 5992 8425 871 2264 1412 3813 11394 6628 3681 7440 870 6124 2820 5400 4049 3700 5507 3210 4651 6107 5525 7106 1143 5358 1732 7047 6038 1427 1286 6442 1930 2940 8421 459 4527 2943 5120 2381 409 1460 2112 977 6606 892 5544 9841 10460 8141 
53 37000 6022 2649 7330 4699 3684 10619 2794 9275 7012 1035 3625 398 3741 1566 7361 10056 5170 876 2751 10084 8218 73 392 1633 11253 9166 909 792 3117 5897 7635 2121 4247 3045 9551 516 1266 116 10571 1837 10176 5793 2667 8007 2955 11198 3835 3978 1369 5678 1555 3417 4187 5025 894 5230 1869 4118 1353 3053 508 10705 4511 3948 6216 8530 6759 4363 562 8839 5892 7390 257 7695 6463 10469 9225 8209 7821 7320 8334 703 2337 6561 3910 8011 3111 6803 5810 6029 5789 6296 3448 11251 3037 8219 4689 1156 8381 7471 
54 34000 1232 2790 3703 879 43 5930 2702 2098 1798 7930 4905 2222 4209 6209 565 7835 337 9071 6957 3254 6687 2919 5974 4267 816 8050 5767 643 6993 2885 6530 2951 511 8118 8215 4352 3675 4726 5017 7125 9365 9879 6908 6412 4584 5995 2788 4732 5691 3539 8680 953 6653 8429 46 10176 3447 4266 2825 2810 9093 6712 8236 8224 3824 2865 9162 7541 10350 3368 254 4432 2980 8852 5642 4955 5327 450 3910 2741 2444 7407 4478 6911 8957 8389 5409 9170 
55 17000 5425 5624 1027 1374 1240 4337 4113 745 5277 3933 2372 634 3092 2628 2377 1139 2412 2098 439 1518 3249 4031 5526 131 2125 768 501 581 3284 1826 2871 3061 3308 3993 1031 3254 1344 2205 905 4714 115 2860 110 1813 1545 4650 2631 1620 
56 26000 2935 675 6112 4146 836 6269 1661 7376 7057 6807 5875 5171 2838 2042 5108 2413 4825 472 3843 1416 542 2248 1444 4345 6010 1452 1216 3992 2803 6856 8428 4153 464 4459 2502 75 2859 2601 706 3919 58 1220 1058 8322 2048 1795 5221 6948 1575 5535 2440 7719 1634 1775 5267 8525 4608 5820 8370 2919 7103 3125 1494 8634 8558 2965 1072 6213 3435 1518 755 7466 2475 
57 45000 2316 7901 4996 11598 3314 9975 3875 6770 3922 7482 14699 5068 887 7850 9262 2375 6536 8358 12334 212 14532 3418 5819 8412 5249 13771 3494 4551 10492 3632 14852 13210 6108 13782 6170 14523 5890 3964 11821 11160 14490 11639 3572 3629 6223 5394 13580 7149 4838 10220 1862 13359 9477 12897 4335 6586 1679 1130 9596 6156 2179 4526 11186 14488 7808 5461 9198 4229 766 9715 3474 1020 5473 40 5615 7463 4011 13476 1306 1737 2737 10386 7362 3408 7744 3772 5806 3285 12295 3960 6008 7634 11593 298 10733 6334 973 9710 830 253 2831 4988 1925 6078 1596 6018 686 14187 373 4150 1971 864 8221 2961 5004 13119 1379 5230 11042 5676 1744 5882 4587 6391 9244 5938 
58 38000 5907 6424 9830 6114 11101 2257 2729 3856 411 1809 7108 1125 4049 9766 6172 10337 7071 10392 6581 1793 2076 2402 9620 7045 7568 7503 307 5115 922 3015 9461 276 9348 6665 7583 2203 8071 5462 5114 7663 1357 5052 7138 2707 7931 5141 1107 9300 5420 8246 9102 9267 1438 3817 8285 986 4603 7979 2464 4664 6391 2886 5741 4669 9856 2305 3953 2608 10065 6405 4178 9123 9346 4222 3748 4690 6116 6913 6055 7014 7767 3260 5458 6822 9301 2318 10370 6258 843 732 5571 6935 5438 1221 6544 4227 
59 38000 7632 8347 6940 2532 1666 7262 2911 5500 6545 8058 8096 1998 4920 3249 3467 4398 8670 3676 3449 3622 4558 2996 9022 8372 143 3588 4718 6567 4839 4427 10169 10882 4253 6776 5355 602 8328 4389 7571 5085 10607 604 3266 4460 10855 8948 2259 4584 8694 4391 7828 8061 2723 10921 11132 569 7586 10974 1678 786 3896 5495 1041 4484 7398 8421 3355 1868 1915 2628 8397 10493 7713 6770 7774 2900 2474 4859 8802 5586 2140 8868 5700 4094 2210 9615 5266 1264 3301 7544 7034 6526 1453 4766 3769 
60 19000 2559 4196 3535 3982 5386 2790 2573 1837 529 2406 1477 1353 1371 781 363 3364 1228 1042 971 1803 2744 2784 3113 4938 3044 4063 123 228 4389 557 5528 4301 1635 2162 2153 4845 4994 216 2230 2890 1386 491 2303 2235 3629 2892 2076 
61 16000 1514 201 3124 554 2762 30 1056 3882 1961 588 3414 912 1055 4961 1504 175 5047 3116 1714 1810 348 3122 4348 745 4978 4365 222 1466 539 5014 908 974 1073 1695 14 1063 961 4928 4484 3271 257 494 2052 3130 
62 21000 2399 5193 3966 2305 4697 3585 4532 6202 4202 617 1303 3180 615 5616 580 3548 5446 5838 775 1556 3488 3785 2408 1470 4994 3852 6040 5037 2917 2771 5332 933 872 6280 1415 996 733 3006 2992 2069 572 3209 4396 5568 318 2984 6080 3359 2131 886 5847 327 2792 2029 
63 29000 2672 8816 5850 3629 982 7241 7802 7541 6798 3976 1076 2223 1120 770 344 701 1332 2558 6729 1345 2085 6287 148 4921 2783 7804 3008 4588 549 2280 6298 6955 5571 8948 8832 99 600 4281 8070 2263 7663 7846 4371 2034 450 1977 2547 378 179 8266 136 8683 384 645 930 1662 1538 7157 9108 764 3447 7023 1306 3047 7623 3546 1678 9218 6033 1556 284 3564 2883 6512 3818 1715 2435 557 
64 16000 4546 3581 4448 4378 4531 4337 2736 1605 1312 1013 3186 375 1663 3635 1737 3259 50 366 1156 526 3720 2272 1787 3349 3179 4359 2937 1514 281 4076 833 1346 3564 1597 3465 2914 3392 1798 69 
65 26000 7899 7374 4092 7737 2408 7224 873 2307 3499 4537 2403 7520 6024 4567 6454 3958 1349 7163 1811 7407 2127 2934 3031 6544 5938 848 4703 2810 3526 3355 7646 814 8150 2245 2427 1508 4543 7783 4205 6826 859 5867 3622 3212 2251 4478 7221 3755 3261 1295 2763 1317 5392 58 95 1575 6934 2844 6823 6989 5234 4183 1894 4587 972 220 1459 372 3314 
66 48000 1 2931 10828 4807 736 1594 110 2388 5235 13398 2068 10948 10122 9132 931 2424 799 2808 13630 5932 7687 1384 5384 9192 5143 3191 1969 4387 6617 7516 3752 6377 6850 1388 5494 3189 9293 14400 2322 12502 4789 8304 3932 7334 2051 1235 4138 8 75 2625 4400 771 5851 12383 1661 6294 13617 7802 3553 3128 12464 1398 5444 855 10066 7934 10850 8494 4497 3829 13193 1639 652 740 4185 10091 12843 14499 2168 4785 3212 13416 10523 5879 10014 1880 3426 14481 3657 7611 10573 9648 3668 13127 3915 13983 4120 1879 7689 7509 8604 4491 1923 12657 13450 876 3166 2233 13591 13176 14358 2434 3633 8191 11792 2998 10739 4922 285 4952 264 1063 5092 5935 
67 42000 6261 7812 4801 7205 12182 1759 1782 535 7160 5188 6553 2773 13883 1401 15 1469 6212 12761 10146 9858 2079 12018 1915 2565 11795 2929 4340 8566 2440 3384 6897 2371 12132 5749 12519 3144 2535 4671 4904 5184 8060 5443 13153 9172 3344 1865 13763 8136 1115 12127 9569 6729 1193 6075 2060 441 2270 344 3525 8601 7893 8504 3059 3584 11380 3815 501 6969 4897 7743 6202 9838 9951 5614 3998 10255 1864 5330 652 10794 9805 9611 2699 1021 5645 949 11719 2947 8569 5049 6785 1606 4872 8711 8690 5424 1080 2149 11790 653 101 1843 4576 3260 4084 2015 11594 10104 1795 11429 8267 11615 9074 2304 4307 4399 9948 4464 
68 37000 1076 2378 1088 9991 9336 6047 10580 1172 4359 1412 4250 9431 2961 4411 4255 8114 7763 1539 6008 9572 3550 587 3759 10125 5666 5938 547 1834 6620 4517 3269 6534 3774 104 9396 2990 10053 6999 846 1219 1519 6385 2382 5368 8438 3615 5353 5610 6703 6318 5821 1294 7903 4176 2212 5927 3741 2842 1609 157 7480 8128 4070 1047 3173 9500 4033 5518 6210 1566 5929 4075 1632 9131 4422 6146 11130 3678 2075 8046 1798 4588 8334 8751 10097 2185 10430 1057 7227 4047 1480 7689 1052 5115 6073 
69 38000 3101 9052 8497 2931 5862 9467 4430 9063 4392 6867 5284 7445 4981 7231 8484 7305 7385 3528 2484 5735 6606 1530 7689 6227 792 6945 8453 4275 6559 7521 9034 843 266 4728 8473 8310 11805 779 8517 603 3551 8433 3265 4319 730 5644 10066 19 4474 11324 7598 8463 3050 5534 7437 1180 4106 2158 4751 5494 4326 8324 6743 6807 6516 5866 10348 6070 3875 7490 11285 1147 6289 4629 6489 3765 3217 5877 7929 642 1763 4074 11310 1083 4109 7151 2160 3564 11600 1497 6313 1789 4227 3680 8492 459 1347 5777 11250 2617 3491 3721 5639 
70 38000 1803 8006 6419 8484 586 5507 1587 104 9002 1288 126 3293 10016 558 1772 8344 8928 7724 7448 7189 10254 5680 3033 5525 7929 8392 101 8993 1879 8900 4460 979 5479 8178 8581 3593 3967 9314 1863 8220 259 8692 8065 11632 1762 11474 5664 7918 11369 9061 6980 6543 11818 3477 1173 8855 3499 2348 3163 11777 5903 5500 6608 3240 3856 6081 7102 7695 11591 10618 6494 7537 4610 7902 7580 884 2022 11136 5656 1800 4105 1412 236 272 9601 9665 4302 1287 11769 5200 1141 6562 9135 1423 2277 2153 107 10509 7429 3032 3616 
71 26000 3860 4040 5854 6845 1989 5663 2870 6205 6103 2591 630 3462 87 3962 7193 4998 1055 3115 2887 2613 4654 1451 1717 2948 810 3534 5667 6449 2975 4504 2128 4835 5483 5581 2279 285 1406 183 2796 359 4396 3206 7302 2216 1497 6573 916 4438 7125 4890 4789 3685 2221 2745 5537 4549 1736 2789 6009 3790 3575 6343 2043 374 2952 6764 5013 4606 
72 30000 8793 8190 4406 5210 2881 1381 6352 1144 2267 2055 4208 2789 3969 7297 5065 8154 5808 3757 385 404 4603 2302 6794 3872 1167 906 777 7468 254 5148 7169 1926 7994 8500 4755 732 3155 4720 1055 976 8753 6181 2453 1842 1651 3377 2400 8821 5423 6164 2962 7672 3335 1713 2809 6577 954 7130 5206 4046 886 4301 5030 7509 8185 4248 662 2090 725 326 3903 6869 6173 7952 3390 
73 39000 1568 103 9916 10513 3384 10109 8780 9283 10329 3050 7596 5005 7359 7942 1721 775 660 10886 7072 4854 1889 1904 2170 4874 1638 3826 9160 90 5349 6738 4565 7630 2274 2942 3386 8809 7795 8683 7299 739 7106 5621 3966 6370 1270 4538 6439 7945 4986 4632 3345 7439 4252 7104 10178 2208 9795 8761 9251 11132 7830 3290 1650 6675 7913 7559 2469 7433 4384 1099 1303 1211 8506 4766 5855 2240 8328 4768 4157 969 1664 5431 591 6723 667 8534 10238 5556 4420 1382 4776 9125 1912 9007 2298 4107 8258 7366 10955 
74 28000 14 7121 6930 3690 1200 7236 4182 1863 7353 7715 1340 1231 4364 4 2781 4016 8007 2232 5095 296 311 7346 7156 7963 1114 6090 6838 1733 2244 1890 155 5167 1613 6060 2145 2054 7649 8016 6798 3729 5286 7356 2352 6088 7031 5042 860 5427 5284 2623 6820 17 5294 5162 2892 1178 3174 682 84 625 4089 2644 6745 6872 4731 5600 2759 5687 
75 23000 5373 785 4656 4346 1609 4565 6906 4742 5457 4911 2799 6584 5326 3495 4919 861 2223 766 5089 717 1678 5033 6536 710 3656 5150 2027 6122 2522 5086 607 1538 5893 2127 3334 1392 6283 7017 2393 2116 6701 1917 3299 6941 5687 5557 2523 6824 360 6562 5609 3462 5267 5275 3764 424 3582 3168 1138 5674 
76 47000 2774 14278 13125 4941 12288 254 14017 10198 8536 6112 1529 3819 4160 3629 1107 7777 6712 156 7844 5980 2833 12354 8707 7871 1392 6354 3813 14409 2435 1363 5932 12534 1306 7250 4112 132 4938 5094 2540 4385 14419 836 8865 4640 11588 6079 14076 5263 13398 4625 12699 3852 13171 11906 6043 11917 2262 5820 1348 14865 915 3553 6304 5570 11797 1492 5308 2184 14158 9187 166 13569 4469 2 4740 4939 10809 5734 8845 12632 5787 3605 5841 2216 4162 13493 10954 1726 3888 3785 5981 5158 5137 218 7866 6360 3625 5004 11266 2159 1100 4426 15045 1050 5740 12228 7049 2972 4473 248 12001 753 1227 4465 6627 12549 651 2296 79 13663 6844 10402 4236 838 1833 2012 5868 1203 
77 36000 1427 8129 1111 6623 1841 571 4798 6810 6583 8462 7500 9710 1227 1522 4269 4341 323 7548 2017 1364 1865 10326 1272 4243 8505 278 7052 1759 7875 132 4766 559 9557 6808 10815 4037 5193 3600 3905 6332 2049 7008 4330 8098 2381 9533 4111 9593 7512 9761 3957 2608 8806 3497 984 4053 2385 2152 2586 1085 2852 5118 9467 10753 3491 6342 5475 2474 7865 4454 4434 8611 10399 3545 31 8700 8271 978 5745 5392 4099 952 10036 1119 10735 6999 220 2503 3936 10503 2278 4828 
78 31000 5195 252 9115 951 523 7622 1317 245 5758 408 6671 2614 8952 4062 6963 152 4333 7541 1580 524 9816 456 7421 3303 2523 1780 2253 7468 2953 6859 910 1481 4916 5229 1559 2823 1215 6096 3085 1707 697 7969 6189 6534 3094 7763 7537 5169 2678 4441 8471 8279 3389 829 6494 3272 1668 3673 1959 5434 7779 3858 5800 4045 5367 2238 333 7873 6513 1889 3622 4803 7214 2406 8576 748 2465 9359 6652 7504 9060 202 1085 
79 31000 2302 6701 8863 957 2482 3321 8309 703 3462 3630 3089 7640 8702 1569 9006 7018 2920 246 4432 524 7591 2443 5067 6274 715 5946 9333 1551 676 9019 7935 3361 8272 1839 4891 2653 3388 1332 9242 5654 3508 3027 5543 3712 8919 5346 9225 3709 1437 1163 1921 2058 6936 4868 4188 8972 5019 4350 8171 3781 4991 910 3215 3600 4431 2057 141 4743 4608 4534 693 5838 8857 9299 2 2955 1398 3579 2626 8137 2078 
80 22000 2981 6599 4850 4847 5626 2300 636 2025 673 4916 2950 5460 5546 738 5882 5799 3524 942 130 470 2507 2957 2852 1572 2975 2194 6708 1908 6023 829 4352 976 2584 909 218 1129 124 3588 5717 1464 639 2543 2488 2580 3238 3732 1145 3348 1985 4006 123 240 1128 4196 5585 1727 3821 
81 41000 4619 6811 10881 6780 4563 1882 7051 5437 7134 3426 4784 11645 9019 4591 6834 5646 10310 4859 4819 2970 9202 5197 9218 6547 9914 8198 3743 8813 932 11541 4798 2466 11655 2517 8263 10610 6523 2549 10754 4411 1596 2294 511 5470 10315 271 7013 8900 6525 6842 7624 6187 3343 5064 8228 5750 1543 693 8894 8792 4051 6928 6352 10789 1314 11022 6418 9604 2874 5876 5 3352 10238 7945 6819 7906 9581 8384 4149 1900 3436 5591 7017 2094 5150 3831 1088 1278 4895 8240 2082 5787 10126 7529 1084 10959 8638 11466 2437 
82 42000 1974 1685 9225 5636 1897 3418 6551 6285 144 9968 8063 11223 11827 4466 4164 8269 6511 5105 5570 308 589 7320 3581 7647 7409 2025 1406 2151 907 7388 5394 6360 4560 5665 6562 6618 2188 5667 8554 7968 3205 6566 1518 1412 8696 5672 8160 1925 5243 951 1206 2108 8168 33 5531 1440 1650 4626 6025 3278 8816 5999 9245 2423 8342 9292 443 1374 4963 5410 8970 5364 1065 5932 6475 7286 6378 10973 4171 913 3330 7223 2414 1310 5080 4817 2487 1239 7934 3518 2939 7128 7401 3334 2848 2876 1122 7732 4467 10537 1961 
83 42000 1258 13072 12488 6683 12274 3474 9665 1255 4718 5751 8638 3930 10760 5898 3015 5539 6660 2080 5589 224 9342 9340 1673 1353 1553 8837 4011 885 12677 4096 4863 2872 749 2868 12878 3895 3 4031 13002 3135 4973 5188 6090 5466 5399 5929 6952 3300 11368 6536 12716 767 571 12199 4443 4067 12603 2047 5499 8653 12355 3011 5290 1894 1795 7330 10257 8516 5513 6924 11613 1741 12070 5816 3959 2253 5568 611 4978 5837 1171 5298 2839 7574 6068 11416 709 7229 7073 6591 3083 6029 9471 4327 6903 5172 11307 427 7148 4463 5712 2634 4242 7227 1942 4264 7065 1144 4569 12130 5070 12686 1934 9140 8627 13158 1485 
84 23000 6274 4455 2177 5689 3712 6844 6345 23 1191 6094 6287 3665 4651 531 2116 3071 5378 5016 5318 2908 2842 5966 1178 6382 684 5069 2328 3903 3286 4649 2771 4901 548 2677 1 6715 5901 1202 42 1291 5076 3139 5654 2231 2487 755 2151 1796 3431 554 4687 3668 1436 2277 3220 2471 990 153 
85 18000 1486 5440 4682 80 4692 333 1562 3769 5578 3679 1880 8 1535 1861 2055 4070 190 2027 1748 2002 2684 451 1733 3226 1588 2876 3538 2301 2860 4194 3624 662 5624 3083 5506 4586 3774 4601 1992 4730 2873 183 1555 4933 2558 2181 4519 5074 2535 
86 40000 765 5736 9052 3033 8725 2717 6062 918 4096 7662 897 2584 4262 4100 597 11796 1404 4289 4034 4571 9019 10410 8054 4290 8865 241 7736 576 11742 3065 9127 4520 5220 2916 6948 5431 4380 5488 11619 8152 3628 4351 11269 7630 3787 8118 80 8104 4023 3411 8266 469 7216 6056 8706 51 2 750 11145 11642 147 6097 2440 9783 3966 5024 9660 9433 5799 1368 1110 7503 4108 7476 7617 6389 2274 4066 5076 3349 8538 8932 2023 4296 5019 4430 3384 4305 10317 7066 3845 7318 297 7646 11104 8079 4718 2673 1141 3260 6223 1982 
87 47000 2677 13279 15383 12243 6272 13437 13896 9465 3256 6664 2597 5160 6126 5338 13745 310 11364 14526 2664 15038 15106 11317 1434 11743 15547 1766 9815 4419 5407 5011 12372 3914 11024 1103 9650 2374 11023 9687 874 650 4108 14653 12307 6761 610 4759 10685 754 3537 14012 10566 13747 2070 4665 3953 4307 2384 1810 3567 3088 3004 15023 1012 7962 3509 10598 922 8100 1943 9585 1595 1457 264 6824 15679 14737 1046 6458 1387 4311 740 572 10825 2532 7215 6820 12003 9324 5557 5711 12321 2703 3241 4323 2281 3301 3079 5110 3551 1849 10661 1281 9733 1076 8180 3022 1089 5380 15380 15150 2933 7658 13664 2151 2636 10436 8033 8315 2900 14986 6524 3995 4209 5182 5689 5432 1645 11995 1639 14250 11742 5378 12339 
88 29000 7998 7708 5126 6562 1965 3337 3623 2900 5476 6556 1774 1111 2385 1249 3831 1821 7486 4825 1018 315 2055 5254 8777 8793 8204 8549 1406 3096 2857 1375 3849 6710 7418 5986 597 1222 2361 1871 6557 3719 2875 3137 4339 2172 8744 4003 478 4105 4747 5032 6140 8434 3428 4616 1483 1403 3134 1544 3311 3072 7446 1452 564 7861 3836 7273 8603 63 8572 5998 3396 8287 6499 7683 3221 
89 40000 8709 4798 4231 1969 1989 7910 4522 4624 9862 9536 2441 5295 1722 7162 3924 10319 10443 7082 9693 3351 9071 2278 8439 9630 5305 2558 10401 871 2307 78 9377 8912 3249 5171 3537 6396 7764 2893 4237 3605 236 3576 2705 9147 10103 10811 7023 6853 5634 660 5609 5485 2277 1000 6609 5571 8422 9408 2397 10451 2008 9331 7167 6527 7165 11043 5234 4472 7440 2673 8005 6513 2487 6655 5265 6205 5871 7472 65 3468 9683 36 8220 8155 6346 1464 8586 5079 2447 291 8701 9041 9716 2394 4671 990 
90 37000 11280 1170 1111 1124 9320 11268 5200 113 6928 1872 1897 7481 6605 1442 7262 840 8879 5951 8759 5266 8078 2508 5903 8348 1284 3060 6463 1508 2032 7195 5803 3208 8779 3611 1778 6237 7162 2526 4200 5256 1231 5170 8399 1838 5813 6745 5528 1120 4643 7593 6189 3881 2980 5932 957 1037 1707 1297 4822 9799 7499 1005 9654 9553 5457 1960 8327 8204 6422 1700 11576 2497 7771 3832 3604 1538 3609 5530 8278 4753 6236 3232 10762 4157 6506 1861 10683 3910 5340 11613 3577 6389 6194 1107 8241 266 6063 8625 3028 8731 
91 27000 809 1490 7628 50 4038 7786 5744 1250 5529 2255 4122 2701 236 1933 3550 5449 6051 787 5503 1648 70 352 3201 430 6831 359 1670 3851 7170 1598 5475 5134 1399 2088 3745 2168 6999 6055 1247 2793 4308 3453 1605 4703 4384 6209 2027 1830 4121 5191 6460 6497 6246 1606 836 2792 3551 4466 1663 3641 4118 4393 5251 4246 1884 4270 
92 46000 1238 9875 45 12695 1411 555 1828 5124 1831 2445 3300 14699 6538 15387 8067 2114 3738 1742 1012 2794 7123 9946 588 8851 15068 5004 726 3350 11334 11703 5138 4116 2435 262 5507 3438 9453 3639 3998 8865 12313 5593 5502 3189 4245 3528 10488 4703 5360 1000 520 4764 1387 329 2770 7586 2952 11339 2604 14696 2568 10440 10740 5807 10603 2366 8537 9764 1241 12289 13998 4976 7980 3029 10609 1440 2345 798 14193 6807 4007 8276 1425 28 2082 5433 9279 1210 2357 8732 1314 6300 12969 7960 231 14302 7962 10951 4620 877 6337 1358 6098 5012 13458 25 5311 12154 6604 12273 2220 2177 2458 2077 5381 5942 2189 9045 3065 7908 6651 1096 6051 2751 1072 1941 7206 13647 9350 3886 8697 1125 
93 35000 1723 1120 6476 10030 963 7979 2155 7886 4760 7756 6306 6002 885 2745 4805 5756 2386 6594 177 5249 6689 21 9840 9359 7357 7789 9207 2692 6934 8624 7635 3308 2261 1580 8265 7339 485 2524 6985 2899 6900 3604 9727 4018 2528 4521 4243 8024 6419 810 3184 6453 2627 8057 95 2597 3661 3047 1922 2067 705 1369 2391 9877 3722 6151 7817 1884 2140 2077 7082 1602 9171 2911 2599 115 3670 2412 6367 288 9923 8312 1347 7122 5650 8185 5722 5529 
94 24000 7287 4402 6017 4713 7563 5538 899 1350 6875 1599 4261 5601 3182 4376 1520 7053 7411 6454 366 1542 181 6627 2038 6632 3351 3184 1113 1631 3532 2397 5306 1006 2450 5605 1078 5793 5755 3442 4510 5676 2159 2586 3718 4740 6629 626 2619 5837 7678 4931 1975 5630 1284 275 1445 5284 690 5619 2373 1215 6393 1717 3960 2230 3567 
95 47000 3964 10991 666 2279 2242 10213 11985 2181 5117 449 5329 801 7167 7695 5485 2927 8694 13147 3565 12945 13771 1140 6233 6762 5358 4628 6816 6692 2573 1778 4151 1603 9936 13125 6002 685 2231 9221 4288 344 5030 2391 13465 909 4424 5449 12757 4328 11652 4656 1588 9694 6135 5221 1709 3767 2779 3798 12868 3837 983 5565 7096 1015 612 12134 5676 5234 10920 7599 13034 3336 2679 2612 4671 6918 6378 12120 6903 9273 5720 4645 8196 7521 7189 4874 2955 13222 2095 12003 3239 13017 13448 75 2367 4353 1413 974 4851 5761 599 9699 9557 4302 2655 5650 5310 645 2891 641 11641 8609 2008 6033 6255 6476 806 10109 6200 
96 29000 641 4838 6139 8308 88 136 138 8778 6751 6329 807 2831 781 8854 1665 2955 2626 5103 3016 8088 2466 7632 7940 4307 3139 1015 5015 8406 4989 7580 5264 4268 4112 1763 615 7380 3080 1377 6083 3442 8482 2537 4606 8755 4746 2280 1611 7972 6629 5488 2490 4045 604 2411 2045 9088 4658 4702 8311 1473 2740 1950 6848 9050 3891 2157 7660 566 4230 3025 7420 8970 7279 3644 5687 2166 8185 
97 47000 695 10115 13125 11736 4213 7600 9082 11589 5496 5873 3435 5394 1559 10748 10668 203 5023 6493 898 8041 11369 14170 526 1183 918 13895 6827 214 2376 5922 13293 4667 6140 6204 11379 4588 5124 2486 4578 3814 3408 2735 11612 14107 3264 2889 4842 7668 7849 3833 246 4374 2858 6220 1260 1632 6313 4032 10345 9026 2809 4818 14254 4670 458 9981 2919 4389 5589 12382 11257 2844 6427 13157 2113 13580 1124 1007 8246 2459 678 9437 3238 5913 13645 934 3566 6647 6103 1941 14248 13573 2082 3290 12039 8572 1346 9713 14451 994 12798 3948 1145 3036 13119 9722 4537 9139 3850 4018 4077 3369 2464 2946 291 4089 8016 4961 1765 10889 2114 1903 5047 
98 17000 2238 1381 4431 4519 4287 423 4606 1314 4097 870 4342 569 3327 441 3750 4543 395 1284 3219 738 1748 977 4513 266 2311 3008 438 1098 1316 835 753 3020 1940 1694 4221 731 4617 4803 965 3271 44 
99 36000 6070 3069 10097 9738 90 2708 4396 8631 3319 8275 3343 4147 6953 7900 8361 9374 4851 5829 6664 9650 8368 1895 3470 7001 983 2539 2379 7149 1132 5341 1069 3129 7593 5786 5693 9336 6480 223 3357 8254 5938 1650 2559 2221 591 10502 6428 544 2326 10224 7315 6432 7521 4348 6029 4500 5236 5175 5866 2751 3122 1378 5956 1819 5082 6331 8023 9422 2645 1520 7830 4707 9938 4564 6654 2352 1908 1746 3508 4041 9303 6461 3373 8376 6353 4801 2149 5391 4518 7119 
100 40000 8414 8247 5582 3828 8738 7140 1259 8477 4841 2523 3395 2888 2780 6705 8218 6519 7109 7941 7988 17 4362 7686 3307 4990 5497 2448 5977 1315 6862 7710 7041 157 758 6534 8130 5893 1720 2251 7517 1915 1250 6756 2939 4616 3486 6413 9036 2979 2407 4413 2298 2857 2945 2693 10933 2935 10493 9383 8887 8544 3919 3228 2972 4053 11437 3582 3287 1679 3017 8223 593 3403 10532 8276 2971 8664 4033 32 3032 7832 5570 11358 6805 2561 3076 3825 4101 9017 9464 6967 5061 3015 1865 1793 4599 600 1038 6865 9091 
101 37000 5513 7121 1882 7294 7320 10237 10732 1344 3210 2904 6404 7329 8627 4918 7388 940 4054 8902 3192 10345 4013 7441 191 5391 7403 1713 4138 8199 7672 8036 8020 8254 7394 10752 620 1588 1056 9454 8788 7553 8298 2498 859 3359 4610 8393 1227 8308 14 5225 9214 3300 1307 10478 1843 1767 8934 6048 1440 3008 10187 6718 6937 6979 9500 5377 4097 4482 8441 7633 3773 3859 5648 5894 2350 4899 6755 2318 1824 8859 4111 9840 3398 5763 10425 6794 6666 4480 8511 1615 3202 2008 3830 
102 48000 6538 12944 467 234 1222 2069 877 12018 12609 4918 10748 11530 1491 9160 9023 7295 4808 8276 3615 3145 12770 6270 2927 1899 2244 12 6585 1445 753 8676 7415 4569 10065 4526 11481 11873 2071 3768 1910 5394 1906 45 6276 12492 1570 148 1559 4887 7197 10623 4302 10588 8664 2565 10935 1052 4311 10320 5221 3224 1980 6726 3574 6774 902 12940 3547 1288 6745 2710 1648 4751 5705 2837 11688 2952 2157 696 13506 12388 11995 8683 4748 1743 814 1817 7464 13174 728 13580 935 7919 1143 12633 7048 1310 5518 3845 2677 5555 8258 7160 1500 1756 5167 3238 1439 5255 5440 10989 12751 6263 8285 367 10846 4474 
103 16000 457 426 1692 1581 4400 4327 1804 1831 3517 650 3253 1131 4247 80 2178 4244 720 2090 2799 1642 2475 324 337 3568 339 665 4032 243 687 2073 3297 2181 244 4129 1587 1588 473 2166 1817 
104 36000 3934 1093 9457 8202 8757 4682 7041 6231 6529 3440 3689 2313 4985 652 5917 2243 11277 4145 7633 11202 2975 3628 6307 5645 5656 4375 1624 7513 646 9644 8233 4742 2897 1638 9167 2708 8721 256 4546 162 1986 10525 1665 3968 2558 1861 4119 8690 11768 2079 9292 5695 9177 9266 894 11680 9185 10275 296 10883 5239 7704 2428 6804 1838 5739 9066 6673 4656 8200 8987 4396 3381 7555 4146 2860 4516 11069 4791 11158 9130 4902 330 8037 4623 3976 1634 3439 5130 3210 675 9567 6093 4105 4686 8529 1215 771 2649 2341 
105 32000 9232 7581 5022 4649 4531 7090 7977 8647 5409 3156 6514 8461 7893 730 1391 6198 1107 1401 1028 2950 2806 3863 4802 3662 569 834 2036 519 1116 8409 609 7920 1573 2762 2334 8049 7293 161 2910 537 3872 2098 653 6604 1561 8382 6658 5059 8533 2058 1152 4091 5531 2597 7643 3633 5041 5985 1710 80 7810 1834 4922 4311 1527 4407 7280 2244 8342 1214 1613 3467 168 3063 5387 2899 1518 7727 3064 929 7173 
106 41000 10353 649 3028 10204 4953 6428 849 4711 5568 12898 1931 3154 8002 3176 498 6922 13253 3425 12349 7332 2354 4770 6571 5635 2461 10511 8618 13196 10161 4742 7606 5711 7362 13167 1472 3291 7516 12503 6779 11912 4067 1184 2481 4378 13062 10466 2945 703 5839 5992 1033 10148 6029 6093 2642 4731 4861 8527 11473 7424 2405 2153 2926 1220 11765 10197 9292 742 6017 11496 5171 1783 13316 3559 11948 7697 8361 7800 342 10032 253 2473 9031 7190 12440 7433 12304 6684 7682 10290 2287 7526 1739 11290 3221 4768 3423 9203 6391 6408 2034 6137 4504 7403 12505 9000 3992 3141 7567 1305 898 7309 2677 12240 
107 45000 7049 4896 4451 8274 5635 1256 6510 431 12404 3496 1140 661 6667 8649 674 3658 171 4545 2900 5800 2524 2367 3274 1808 4010 1456 1713 6712 3245 1230 12009 11800 683 4190 10809 9805 11686 4931 10090 7215 243 3522 2758 648 2922 4766 7884 8308 6945 3524 1041 4250 11210 5568 7469 8014 8255 1099 10954 4668 6822 8857 5591 2857 7481 884 13444 8958 7522 4790 8224 1825 7100 7086 4229 6432 9463 4077 7093 141 8172 1756 6214 5501 1693 916 1379 4504 8352 1826 11372 7756 10619 7182 3802 11338 10414 4413 4877 5256 4421 7609 2526 8256 5032 6577 12393 2536 10283 9257 918 222 13002 2829 
108 34000 227 1566 7025 5932 2378 10407 6055 9353 1826 6369 9330 10032 3451 6601 442 3967 2168 2122 9185 10261 3035 9979 691 6943 9444 9543 8757 9284 6334 3631 7945 8894 3884 8821 3787 8728 4939 3495 8841 6168 5624 95 2467 417 10194 3251 8346 3096 214 8800 315 5253 2831 3263 3979 411 9894 1416 1026 7317 4794 2437 2675 2337 3133 5027 3368 5137 2021 10232 339 873 5328 4703 1274 7468 1725 2202 2591 7124 385 6876 8254 4688 1184 2181 1149 9672 
109 42000 829 9155 6215 10014 9354 2738 642 3232 10722 4526 2938 3865 1281 10427 7920 1114 11163 10339 4746 11475 7031 5695 9271 4064 62 2456 2793 1850 227 1327 7458 7202 5717 972 6781 3488 6222 2263 7022 6874 9186 232 2930 323 8522 3708 3848 8061 3603 3866 6825 8530 9316 4379 2582 3286 8116 3772 1253 7405 967 4736 8406 6649 4733 11119 6846 1230 5365 8413 948 1697 11086 1175 8617 10027 10748 1365 7230 5200 1312 10415 1796 2719 11185 4325 6093 10989 6473 5635 4738 8539 8458 5339 10623 5554 2322 2489 8771 5115 2329 
110 45000 14352 5696 2023 1912 4564 4258 2237 3803 9996 14362 5093 5767 168 4586 12674 3710 7533 7435 8677 14080 9120 12787 6270 13460 4443 14182 2406 14351 300 14559 7061 898 1520 12241 1543 9801 3978 5098 3813 3930 3196 4093 947 3621 2913 5966 6467 1368 452 3901 2115 3048 4088 1802 6473 7644 12558 7521 287 674 7856 358 1921 1614 4896 1210 2021 391 2244 11842 5800 3 14710 6159 6364 8768 10131 3039 6591 1578 3852 6776 1161 7185 166 8555 2603 8530 1106 554 2192 11201 3159 988 3979 3784 4625 10900 942 10161 10554 1532 13751 9042 3553 13991 3774 561 2133 304 4742 3535 14319 1579 162 2974 3187 10330 13504 4558 3451 9518 2697 4697 2932 
111 47000 3974 5097 15411 7362 203 14875 5162 8797 20 101 13545 10181 4252 9112 13961 9840 8424 12141 11023 12226 5778 8247 10480 1978 4801 10213 3271 5057 13311 3700 4574 3325 4773 14427 10531 12068 1341 1856 404 1643 5147 11313 8789 15359 1928 4853 3256 15657 4710 71 7662 2409 745 4669 1949 4857 605 3008 1435 4765 4463 11825 2266 14811 14457 11582 1418 946 5056 12212 1848 14585 1596 3120 553 3057 2422 1112 9365 3819 5484 6929 2859 7613 3769 9242 9955 12813 1093 5072 8127 2285 3387 14314 11995 1178 6486 3803 3135 7242 1175 14998 1160 14055 9230 3566 796 2027 10004 11704 12858 7432 11163 2649 9824 14824 888 673 13907 10642 1759 542 12056 14685 2684 629 7844 7268 11590 183 14278 3418 4136 
112 17000 2342 1425 5205 1752 3469 527 4664 476 567 1168 5167 3705 4475 3599 3568 1477 2171 5230 4711 3928 1027 3733 4208 5128 1523 1644 3867 3384 2942 2541 4528 4055 2843 4771 920 357 4141 4027 3228 1885 1340 131 3423 5169 2373 
113 46000 3500 9559 14387 5548 4311 10945 5813 12950 8308 6574 12244 1095 12453 9234 616 1040 7990 6935 4538 12059 9959 7644 3401 1054 3061 9847 387 14488 209 14086 167 4495 2950 9571 2292 11951 366 8437 2612 11463 9613 3986 10705 2841 3687 10180 7118 444 3966 11483 3148 10411 3398 5767 5318 7277 1552 12475 13672 983 604 12108 5641 15072 5032 4727 2312 1186 14518 770 1453 2056 4595 4597 440 12001 13818 6055 13064 3886 2513 14016 3518 1197 5598 14260 5786 5907 6059 2424 6794 1584 7484 2369 4490 4636 9624 3538 392 11761 3299 2030 5171 5682 8113 8934 840 2686 8035 629 2985 5360 14161 2913 411 8281 4207 2115 3812 5747 1152 12835 643 4375 3672 14763 3206 14438 
114 23000 113 4402 1119 2341 2054 1026 1670 4209 5303 53 4770 2963 4604 1784 4513 1758 4695 2610 1116 2153 6688 4917 3483 3226 6287 738 3941 2607 5790 6524 3236 2178 3194 2612 6075 448 5260 4344 2630 711 5572 5914 1956 6621 6001 3068 733 5846 3352 6484 3376 6335 309 2985 2624 1115 4822 600 3520 7052 5137 5589 5789 3303 399 
115 44000 3709 10900 12764 5559 6515 5276 3654 7762 2722 11294 6211 9849 6829 5966 927 6351 6532 3555 11123 7847 8057 7437 7867 3965 5939 7372 77 5245 1472 4501 6177 2119 5855 5043 9952 4421 4313 3491 5008 4218 3639 7346 290 4530 4008 8584 5888 2714 4549 1758 8633 3350 1809 4194 915 4925 2017 12775 3342 206 2878 3032 3510 4224 12239 5373 12081 9024 8836 6642 4798 10737 6751 6621 7150 4285 8192 5761 9686 1560 2425 11077 12107 12123 3440 7584 3111 7321 2316 1675 3297 2695 6811 9274 8202 6758 346 2059 11378 7912 5863 6309 12304 4795 2242 11268 989 766 4659 1449 6235 4274 3381 
116 21000 4572 558 1055 2671 6954 4179 6172 4889 1276 3100 6045 3751 421 6475 140 3396 2342 696 1241 2753 157 1001 5035 2378 5821 3056 883 3877 6371 2616 6444 1872 5018 5288 2922 30 1114 2951 5449 317 3629 5494 734 1594 6631 5302 811 1336 3125 1262 4471 5450 3911 3180 6176 5539 1202 5246 829 
117 41000 6569 3407 1779 6497 2547 5789 9126 2554 1213 4787 5212 6396 7040 5303 7737 10436 4289 11851 7049 1388 4014 6614 7712 4406 3848 11015 6828 8728 693 2047 7084 7900 9058 6116 1284 1297 8733 3141 2129 9652 5221 7754 3633 5338 10875 11426 1230 7376 3817 424 5134 2051 9102 9610 10833 4383 11348 3178 7462 5793 2287 7261 8478 5381 8744 3058 10900 7917 3470 3940 7206 5611 10727 3343 1668 8475 8664 6844 9055 1219 7947 3440 11436 7977 2365 4939 8788 5008 10368 7765 9151 1821 2706 7551 4545 10300 6796 5279 6372 10743 2729 6090 
118 24000 3434 5447 1033 4144 10 418 4725 1019 756 4412 3126 2344 2909 2 2665 534 5494 4047 378 6662 6119 3777 4411 1054 270 463 2978 2640 2242 4016 5853 3874 3011 4376 141 2890 4533 3223 2000 6088 5745 4445 1875 4261 1575 1334 6816 6690 4747 1184 145 3856 3585 5865 3750 5193 3838 514 
119 27000 4992 4287 7779 5474 6556 4959 1456 4314 7433 7473 7790 2427 864 2099 5232 1319 3775 2773 6269 7712 1858 373 279 1743 7581 3221 2728 3868 5116 136 7758 7924 3676 7873 5836 6610 5139 1679 6738 6799 5647 7825 7016 7960 5148 3116 7929 1877 133 817 2866 86 2286 4525 8226 4122 2565 1426 4852 1544 4034 1130 5388 2004 4221 5545 3854 6292 4935 1676 
120 44000 7403 1882 2805 3204 5156 6598 3262 4503 4351 6976 7818 1913 12616 7906 10496 4354 7911 12456 7325 2656 1151 10973 1612 1821 5686 1904 495 294 3811 4976 808 7754 7515 7626 11257 5457 8773 6176 2209 5778 12435 8962 9066 4883 4662 7185 6909 12180 556 4344 2717 3206 7451 3069 10533 312 6611 2014 10198 5659 3539 816 2144 1743 3545 8016 4479 5379 4018 12936 6543 8098 7994 469 2208 2202 6484 6912 5370 10673 1631 292 11349 9003 12656 3271 7360 9609 10 12591 537 6169 7623 6104 1954 1577 6458 11662 898 6522 2629 3573 3015 11045 2901 5366 5089 2598 3985 1305 1983 
121 46000 11802 11420 5455 11916 8067 3309 1570 4727 13287 4346 13398 1410 15217 2225 1395 12819 1626 2148 12507 5054 12522 5284 1390 3055 1180 3679 8046 5147 5607 15067 6406 3482 2352 1171 8878 1871 5871 14770 5240 8984 2972 10956 10988 10689 5205 13275 1012 9615 2706 3956 220 5593 13707 13625 1653 9693 2473 3245 10937 4644 7804 5448 19 10554 8874 3260 6297 782 7588 2647 1614 12936 8856 6130 12477 664 4482 5338 11251 12868 7138 15136 944 14190 8971 6929 10943 11125 9459 6993 632 14460 11283 3954 5907 10571 2581 6980 14544 11476 14172 6963 7352 8572 693 2127 14027 6460 2082 9581 4287 4398 3122 5479 5041 1176 10191 2607 1521 4563 13776 1183 1289 6358 10343 5030 10729 5953 6555 8146 
122 32000 2107 8936 352 6646 5875 3230 7997 1910 10049 7548 5637 6874 8244 5622 8922 213 10200 4746 6493 6822 729 10191 6124 5009 7809 5353 3122 2301 6137 10339 8286 10043 9161 3795 145 6717 9942 8647 1713 3529 7023 4021 4798 5925 3583 7381 6110 8020 302 1434 6472 8876 3871 7713 8263 3719 2766 2069 4415 6660 6906 1035 10217 2723 1944 8261 2084 3022 2410 9970 8651 2255 8470 8469 2696 4010 9632 4871 9661 8304 1702 3525 9247 9067 7120 6070 1564 4946 5201 
123 34000 3585 4570 4487 7796 3891 6103 4512 1696 10150 1866 6261 1608 10051 5030 2046 2617 1683 686 1296 5229 519 2320 3988 3746 9008 10514 785 551 1973 1542 5299 5515 9625 3805 3377 1070 1042 1531 5997 7525 8046 1265 3845 656 5254 3821 1016 4616 3630 10121 7883 7301 2012 166 5940 8158 2288 8690 3961 7739 3117 6605 9583 4839 862 7700 3589 8143 8601 3169 5050 5279 3228 7197 9115 1761 3902 4640 316 7215 10004 444 5035 6012 3463 6053 1707 6845 9071 10124 6235 
124 21000 5409 3388 324 5774 5639 1951 2415 4502 5862 5443 1765 6206 2236 1455 4193 4610 2452 4771 6245 5646 1153 5080 5115 1894 862 233 3473 2153 3323 1752 3941 1562 1913 5953 56 1663 5113 3906 725 4623 3155 5340 1056 3169 1401 1364 1932 1076 5003 4125 4763 2690 2247 
125 33000 921 8676 3450 664 3743 8749 7442 2672 5327 7071 4168 992 9804 981 2764 7838 10007 9321 7353 6790 395 196 7182 6829 4002 3739 6309 623 9080 8048 4311 8332 6692 1536 9225 6361 8070 7248 1509 9989 6026 8193 2979 359 203 4432 438 9513 4958 6233 9564 8530 441 6571 3946 5909 8549 2181 5964 593 5383 5268 221 9259 5466 6400 7199 9016 8036 1091 7425 8473 1102 174 8360 7582 8603 3366 225 1329 2500 6060 2426 4841 2143 6113 
126 28000 4974 681 4060 4445 399 3342 3236 4079 6976 8113 5565 6680 2521 4633 1406 971 2740 5013 1273 625 5623 2505 2278 649 1293 1115 5581 2006 7864 5621 1955 3394 3616 4088 6265 8085 1120 379 8057 6211 3770 64 2524 8172 7750 5508 1746 870 4980 1433 1904 1594 6215 2790 2230 7463 3622 1471 2654 4777 3225 4565 270 6558 1865 3546 7083 5409 872 2051 3193 558 6920 487 
127 16000 3306 4575 4873 48 2582 1077 327 1733 2104 628 3321 2369 763 2074 4194 542 4199 3905 2781 4630 2881 140 4185 164 3542 639 4225 1197 3152 3728 2548 3823 1192 522 4521 2830 4605 554 612 4439 362 706 417 
128 32000 4651 424 5342 835 2302 8850 3307 2609 3273 3893 526 8545 1003 5236 2073 5987 7701 2865 8328 8252 2673 3290 2628 5193 6553 953 6903 4820 5641 4476 4493 4049 985 510 5847 131 931 4188 239 1856 1860 2862 2245 9309 6625 4512 26 6922 2629 8159 5240 8750 2517 1384 2297 4294 8341 1153 5670 8083 4143 5718 175 8298 3852 8322 743 2451 6892 1122 5294 2340 2287 732 731 7195 5585 990 7138 
129 47000 2129 2762 4585 8900 7286 5114 13352 6601 2336 5882 5137 4511 9059 2205 8913 10869 7863 8571 6275 12083 2761 2511 9021 6521 6145 2471 4413 11138 13255 10361 16 4666 9073 3127 12113 7080 7610 5566 4194 7061 1276 7677 10505 11097 6766 11892 13456 9885 7526 6046 9142 10373 528 1913 9103 13064 3745 7855 9108 44 2997 3936 11433 6296 8697 8649 8416 5447 7796 6266 2484 871 4442 835 7133 7453 9676 7609 13324 2576 9127 933 6949 13054 6260 6378 13262 788 3883 4588 1320 2673 6444 5869 5789 6 424 2901 5979 6683 10115 7180 1827 13003 8469 813 10414 5306 7067 2983 12973 1671 4858 6320 4703 
130 46000 3472 1733 11051 7184 1263 3225 4883 1024 12573 8 1311 6351 4977 12489 9975 5321 12261 4881 5082 11177 909 4528 3408 3467 3869 1289 5563 4253 8922 8369 3353 1431 13660 1216 5498 9046 1297 8900 4970 12325 10876 5995 7624 4116 6326 5201 3285 8552 508 5896 444 15058 10878 7627 4257 11589 7234 13991 11221 3256 5412 1118 5225 4539 796 10489 70 3420 3533 2023 5146 8259 242 6552 11962 4853 8120 3111 5005 3068 4621 2446 425 3458 8761 1599 11561 12533 2726 2265 13 9966 4285 7231 3820 12528 6112 2039 13075 775 8847 6584 2670 2372 12083 6449 5345 1059 4083 11902 11895 6742 6098 12776 13352 4981 1592 3775 5608 707 125 3162 67 240 4254 4717 13984 2948 
131 31000 8584 3117 5940 3455 3552 938 1773 702 6861 6047 317 1691 5830 3373 4216 125 5968 5894 3172 2074 5273 1172 2454 3540 4677 708 5076 7007 1458 8906 435 3886 678 6411 1502 766 6680 7843 5362 1143 8406 8956 8984 7733 2508 6479 2140 7673 7372 1523 7220 9197 2916 5493 2659 1672 7928 4815 1631 9086 6385 790 1232 8465 9047 8293 8606 8477 8716 3556 7899 3650 1378 1015 1460 3402 1973 2885 1891 
132 42000 2717 13590 2246 3875 949 4285 2874 1228 251 12789 6922 9600 4517 5398 2692 4263 71 1297 4571 1937 11597 3210 6146 6064 11299 10725 1353 6657 6060 10573 361 4553 10016 6244 922 9569 2706 6672 8974 13210 8211 1287 5415 9089 5737 13668 740 7343 831 13012 8400 4309 3974 270 3057 858 5997 1332 3271 1745 709 3076 7364 9608 8844 10711 4972 11966 6787 8865 6018 5691 678 2709 13657 3078 4426 4597 2166 4805 3108 1300 2783 2063 3437 199 8435 1749 1527 5238 3501 2125 773 9561 11541 2754 847 5903 4177 7012 4501 413 13574 2970 8950 15 2933 986 3154 12906 156 7039 5725 2376 2526 12129 7872 
133 44000 5817 3524 5221 1728 9299 5225 5286 6146 855 14016 7649 974 8030 7073 1744 4232 3021 13990 1031 2723 1267 7685 3770 2958 7164 6007 1384 6922 918 371 240 2170 8829 4183 8407 12923 1336 3186 1330 6675 12999 314 4855 4281 4675 1069 4358 11325 13540 4220 6915 6748 4025 13528 5460 4126 7264 9245 6040 5787 7094 14165 6720 6230 3 1971 8959 10923 3372 2643 2157 4695 3570 6133 227 819 1118 4493 6413 10184 2 4497 3618 4298 10715 9537 12660 5929 3347 6855 3085 1364 13283 1020 2794 5714 7591 352 13645 9923 4083 13860 953 159 6045 6134 4235 5448 6539 2532 8330 6021 10402 882 11929 2931 2724 3560 6621 7522 8441 
134 33000 3704 3193 5704 1813 576 1399 4061 6176 4385 5808 7737 1024 1421 2859 810 1643 1341 9171 1671 1472 7901 3869 4703 2805 449 59 8393 5345 703 8439 839 571 4382 5825 8536 1930 1107 869 8403 8328 2882 5913 620 4786 4995 223 5281 9897 8187 7199 801 5612 4788 357 95 5986 5139 579 5533 2517 1189 4149 3322 101 9024 6156 3736 1830 6256 82 1035 3477 2532 6735 5826 9089 5166 379 878 787 343 1182 4434 4929 
135 42000 4040 2013 8430 9992 3550 5312 4617 6848 3116 1644 2178 8049 3479 2039 11286 7732 5733 8447 4116 4159 7417 6493 227 3856 9820 8075 1089 3287 4599 716 2766 101 3262 2443 6528 2896 8712 1622 4826 8193 7860 6027 6566 7346 11379 5561 2527 3868 2923 3502 11080 6397 8810 5314 10302 9528 8157 2966 7520 4861 5591 1497 3028 5135 2659 746 203 6430 6445 8354 3288 8126 5058 6880 4530 6051 8278 4197 5671 1930 10139 8101 1642 10303 2027 6426 9699 10367 8560 1026 4241 11942 10250 5996 7656 2114 4473 5445 7576 7537 6718 2777 3927 4955 
136 43000 8991 2872 4564 5013 6021 4734 11039 652 9223 6137 8384 6111 2844 13328 11109 2837 11207 12596 8107 523 5060 5326 1688 2692 10161 9717 8589 10107 6938 14276 3453 5789 2205 5530 1340 11426 6218 2080 5553 2991 3899 968 5609 3615 13635 3607 6624 7427 8453 5083 9007 862 5977 5648 1436 3882 2328 4437 7747 3872 6926 7454 14208 1457 1029 4953 3455 14205 3545 6746 3278 12261 5034 8024 4044 1399 2879 2380 74 4997 4486 6124 12808 3065 10797 13148 14344 4430 6439 8244 5760 3865 456 6738 3854 11778 8444 5093 5080 12774 5059 2886 38 3009 9119 6727 4049 4413 6454 1501 6789 14009 2196 13069 9388 229 2948 12105 7707 6048 680 6007 
137 30000 379 5409 3094 270 4554 5665 6230 5862 6291 589 7460 3034 1722 747 7951 3558 2935 5022 4457 2898 1739 2543 6762 3797 7642 7214 6674 4258 1057 4486 5975 329 5510 7430 1827 61 2145 2404 7591 19 10 5789 881 3140 9288 2881 4176 8006 3757 1634 8804 6333 2268 8911 8462 8752 166 3490 8286 474 6918 1013 3514 3841 238 6296 8272 8092 5988 6202 742 7232 3332 7154 838 6534 8724 7057 613 
138 39000 4010 3095 7455 4478 2976 6046 8562 3455 9125 2699 6785 7671 3026 3212 7182 7637 8480 8386 9338 859 594 659 2872 10631 6263 3193 2188 9530 6811 3693 9400 1692 1982 6580 5904 2212 10528 358 10617 317 4599 2329 4038 3847 3599 8266 5046 4135 5225 10946 4652 6168 8986 5299 10692 2705 6400 4807 6244 10947 1568 6375 5152 1167 3338 657 5656 6381 2170 2684 6171 3278 5483 1386 374 7481 470 4486 7334 9342 8302 3697 8353 1718 3758 9792 2849 522 10841 8534 6202 1725 927 5880 1276 1839 7801 
139 39000 2654 5617 6421 5451 5064 2383 9918 2576 3650 1593 8289 3256 7440 532 4758 10491 5659 1716 5501 9279 1894 1512 3232 1432 4951 9568 5738 11129 6370 9195 7148 4335 9706 8516 1241 7088 5231 7252 10191 10182 11512 1295 5431 9084 5217 1168 10345 9361 6433 4395 2738 474 4566 10766 3628 10356 3804 8861 3340 9327 1019 371 6085 3668 4686 2343 4694 8672 4614 8701 6005 7121 4275 204 8997 5780 4170 253 8286 7377 6567 3659 4974 953 5613 4763 5815 1046 5459 9569 10869 2285 9128 9052 6770 4330 5824 1638 8335 
140 27000 4326 114 5119 4595 7037 6717 7226 3357 4514 2777 4281 3791 3928 3434 2478 651 7771 38 5005 842 3435 7324 223 6185 3095 4201 4510 1606 4499 3311 259 840 4848 4099 3980 3846 813 7208 7440 2381 6966 4462 7850 5149 7277 2615 5137 3969 3124 5588 5907 315 3142 6756 7986 677 1620 1355 2713 755 6996 3735 4793 1614 3354 207 4716 91 
141 20000 1876 409 5627 6138 238 877 2114 2857 6431 3702 3456 2974 4866 956 4556 2906 4846 4001 3872 911 4174 4976 4296 2891 5758 3142 3216 2377 1688 4276 2129 5058 3958 4617 1446 5779 3824 3639 792 5536 2147 2641 625 2321 2829 1642 1808 1419 4655 4051 6064 3303 1913 5617 1489 
142 37000 5645 4253 6909 3031 4855 9674 7839 1471 10177 3156 5373 4952 1102 9628 6737 150 3123 2316 10223 4027 4344 2233 1103 3194 3660 6569 877 4710 1648 3748 5557 2413 2998 5093 2063 658 5527 3621 8096 6042 2118 6205 10408 6452 369 10170 2426 1510 7477 229 2532 2470 4418 2010 7995 1774 4840 2766 8594 3900 1315 4605 2188 2736 3997 1593 8534 5600 2071 178 10676 9351 865 2099 1414 2131 3228 5330 8706 5836 899 9308 7053 1836 1968 6490 5065 3057 1932 1185 8 2204 262 883 2354 4549 1764 8707 3639 
143 37000 2953 5660 1290 873 2591 8467 4979 8156 10937 11279 7063 1854 3557 2794 6356 2178 1927 220 902 6445 11977 2750 4651 1435 360 1523 6029 78 6376 1456 4424 59 5427 3375 11195 6835 1728 2486 2114 5735 993 9195 6813 7287 11368 11287 431 4993 7984 6254 11006 10838 11604 4395 9120 12059 4467 2225 355 184 11883 4981 10744 439 4662 5525 7265 8988 9091 8395 9364 1797 3545 1188 3491 7763 2722 2702 3753 3832 2220 8203 4282 8168 9162 6049 2367 2645 7579 6046 8330 8891 541 3763 1889 3204 4038 7303 747 2325 2431 6676 
144 28000 3040 2196 8265 3851 2402 405 3125 8018 4011 639 5055 7075 5361 4500 4883 3895 3503 6358 6164 6224 3185 8495 3994 7667 6007 1600 5050 491 2587 8188 7307 2285 7253 2491 2151 8510 660 2400 5461 3284 6333 3048 7033 886 4244 3377 1558 3863 1215 3597 2033 6349 2736 359 752 5510 3332 4447 7899 6432 6032 2916 6829 3535 8480 1652 363 4356 194 5240 431 2881 2911 
145 20000 4304 1348 1270 1089 5355 1165 1937 3531 2220 2248 253 5557 322 5344 2027 4512 5899 499 1401 997 4244 4231 2059 4057 2469 149 3998 5050 1694 2609 2199 3111 1338 262 1240 5423 1074 2658 2426 5844 2474 48 3940 3537 5472 340 3903 155 572 1903 
146 35000 8990 6117 7464 1512 416 6449 1163 4866 4595 5809 5511 5398 7188 818 8665 9444 6510 5235 6777 391 1270 3134 164 8950 7425 10003 6094 6043 6632 4977 5007 7996 5019 7412 2637 8105 3271 9995 5924 1187 4127 2123 1551 4089 1401 610 4026 110 7417 1953 817 375 8230 4656 7433 10145 3014 4549 7782 624 6978 6379 8969 1028 1668 950 1188 783 3888 5960 10267 773 6979 10177 5919 10120 5132 8593 5512 3801 5708 780 8891 6815 3816 9153 8725 
147 20000 1068 2420 2950 1853 3492 5232 915 537 148 2705 5137 398 3026 4952 2006 274 799 1751 4504 3624 156 2152 1121 2906 2146 5132 3851 3824 5314 1169 4870 657 809 2587 1664 564 3874 1387 1936 5542 5318 1652 147 2727 899 219 2560 665 4708 3617 
148 48000 2264 3518 7347 7814 4813 11663 7791 13244 890 1486 11862 3847 3379 9804 6625 1967 1034 4029 12702 8963 457 5470 5392 2761 12186 704 5580 10811 3658 10176 14047 6991 13647 7793 3360 92 11253 1590 5284 6138 6502 8012 6313 2937 4506 6047 11001 12443 3163 11658 6573 9432 12989 9112 606 11272 4682 1642 3922 11309 3910 13669 13550 4156 844 6599 6122 6330 2400 2632 6998 3852 14306 8638 790 8148 4648 6584 309 13598 4727 12332 3659 9195 11681 6094 1375 8657 4624 14482 5316 5097 11725 3115 3390 1176 1202 78 1354 4650 4827 9778 1293 5132 12734 1845 3737 13751 6788 5607 8412 703 919 3384 638 1989 1454 3546 7305 4000 3377 5539 6708 12097 
149 35000 20 2757 1371 2951 1255 619 7420 8470 7898 519 5017 9525 1968 5103 8838 7236 5854 5475 6311 5784 8867 4753 4709 965 8464 1364 1536 2767 3407 7308 1948 6363 6722 5538 1665 8439 6571 2532 2254 7286 9725 729 2819 5562 7593 40 9422 8126 1012 786 1997 1081 8912 9377 946 6785 3981 9063 5524 3585 1397 2248 1701 847 8078 4289 4653 5648 8933 4409 4101 5593 9728 6498 3550 695 3680 6419 7316 7333 623 4367 223 446 
150 29000 753 1514 7483 7151 6212 926 8259 2537 8341 5194 8039 7635 69 5713 8192 5832 1401 5033 4656 4869 3741 8749 8389 4900 3390 488 1817 3785 7033 8101 8067 6804 4158 1048 7001 1477 4848 1821 8948 7901 2483 332 3410 4457 5193 1079 617 140 1505 2402 3394 4661 950 6404 3980 3501 7691 5966 6291 944 1459 4853 656 5912 7240 5809 8270 631 276 6561 7183 563 5155 3616 8107 690 6808 1484 6355 
151 47000 7343 8083 3808 2901 10659 6216 7269 846 6580 836 13599 2393 1003 8729 346 9006 10471 443 5947 3282 5810 6532 6815 7236 13405 9136 8084 6627 3649 2339 3017 13582 4954 6952 3636 5018 1367 7599 2136 690 3571 4454 11032 9949 6865 103 1002 84 12034 9420 1324 11598 5963 8534 6164 11071 2011 4413 7511 7231 3967 2066 3026 12427 1195 8702 9804 4619 8287 10971 3405 130 6996 1553 1525 445 6716 12115 12839 83 2822 1767 12211 6057 6976 1137 13257 3451 8587 12737 5613 8454 9920 2799 571 873 5659 12355 3310 2624 2983 4838 2321 2276 4748 2734 1005 2133 5622 9509 9605 11938 559 5434 3458 2094 
152 27000 4714 1635 7061 816 2119 2634 156 1750 2459 481 5769 4483 6474 5810 5563 3143 2277 1533 4652 8018 4220 1738 3036 7927 1925 2418 5602 1142 2647 4746 2835 6189 6432 2463 1705 5902 8089 960 971 447 4324 4260 6582 2049 7338 8020 3855 3008 5 4768 4441 5960 1386 7123 4522 4375 4873 2210 1073 4529 5305 6668 4434 2590 4755 3841 902 6381 2121 
153 48000 6039 346 13691 8976 4552 13693 3505 8335 12390 3435 1651 11563 9949 7373 8844 12872 2194 11632 4073 3369 5832 13019 863 874 13628 11704 12273 41 8279 4113 10992 5276 2670 13957 5015 2254 12861 3413 82 872 2302 4796 14111 11716 6112 14460 4149 12206 1117 2038 1081 3087 5197 4797 1686 524 9933 6440 2640 2810 4448 13155 868 13193 9585 9071 1978 2462 9695 14478 8024 5687 3682 1393 9363 307 755 506 5157 6998 3696 2901 2600 5169 7327 9811 4658 6572 1844 1964 8679 4511 2246 784 224 3642 4097 1572 615 5557 10389 4091 5599 5982 1997 3832 1437 2342 7259 11650 146 5769 4603 1418 3384 5100 11916 10889 13394 677 9227 14256 6957 12633 12180 6816 
154 31000 6781 1070 9563 8926 9883 8618 725 5552 7054 1757 6083 3559 3449 2834 6824 5442 1327 4080 162 51 8673 6126 7704 1895 5778 4291 7945 2049 3067 1170 603 5990 7170 535 6294 10209 4205 2352 6304 9188 5318 9089 3909 6159 7212 8423 2272 9049 4977 5587 1614 9511 1065 7312 4183 4874 1829 9622 7568 265 8796 3746 5395 7005 7888 3516 7509 8322 567 4260 7229 9416 7898 5718 935 9564 6940 1258 7412 6131 7069 1309 4991 6185 8686 1459 2886 4696 
155 26000 6241 6099 198 4604 2729 4359 6515 4376 1332 4009 322 773 5637 3744 5119 693 5943 3800 6103 216 3944 356 3451 6157 3392 4792 4441 4286 999 4539 3982 2735 5045 4019 2953 1527 1590 4284 820 3140 715 250 1436 2534 2663 3705 3913 1834 374 2416 4980 4066 4455 2019 862 245 1098 4041 3678 242 4218 1278 5433 6239 3969 
156 35000 8210 4939 2520 2185 9695 5812 933 5464 4775 9067 5770 7387 7977 5490 6094 9225 5317 8344 7983 2438 7542 8672 5068 7632 3969 6468 8387 6020 9195 9229 8378 9322 6393 3613 2269 3356 9089 7630 1108 8346 140 5516 5253 4178 8850 7736 495 7402 404 3239 6254 972 2342 3838 4872 3415 1492 4131 1826 3290 2994 7009 8043 4857 8972 3927 8289 133 6278 798 2100 4922 7074 9423 7887 1328 1055 4270 4794 5900 2105 2277 9466 571 9603 
157 17000 4005 2401 3947 4922 5037 1997 2016 2925 808 3529 2900 147 3271 2783 4505 4190 4292 4883 290 3217 3366 4179 4394 1845 2435 4987 1526 2584 1269 563 868 2729 905 1619 3860 3959 1262 469 1288 1742 949 1429 2138 140 
158 23000 395 7186 6774 2350 2536 1269 6941 1603 2339 320 4370 7296 1262 5596 4965 5760 333 6804 7372 712 3657 870 3807 4522 5301 3164 5706 4142 4256 5846 1712 1122 2965 5132 7418 1042 5060 1784 2060 268 4482 7472 5653 327 3600 4320 5327 5589 4467 4555 3347 4342 7350 7297 3771 3124 4431 4110 2677 1999 5207 3752 7086 4313 5118 
159 39000 8353 4376 8430 2205 2884 2123 7630 6113 7799 1044 4005 9725 2223 1317 11745 6475 147 1033 2599 3440 4192 7953 5654 356 6556 1366 6850 9998 433 5765 5264 719 569 12362 7498 4155 7905 2029 4531 6473 4575 10178 6579 7018 2222 3960 4881 10824 10089 12402 11707 7320 1103 5801 3914 7679 6399 6583 694 2303 2437 11324 8852 12137 12 5224 6347 8296 1733 10786 630 1497 5415 8980 1219 1039 11454 106 7919 4374 7164 4281 9036 8142 7240 520 4006 3818 6605 3186 7419 3487 7210 7133 8052 3637 9972 3730 2654 5628 4039 5255 3966 7563 477 6376 424 
160 45000 10084 12425 5697 7679 12436 1910 10549 392 1954 7647 7442 7388 3506 549 5681 10947 5910 1827 5790 1103 3994 13398 834 3255 2946 13342 6443 6215 7339 5713 4478 13160 1637 5353 3052 8566 5990 3357 3878 12079 5945 11942 5690 10057 6706 10886 1432 8551 6981 9613 1070 3706 6476 10960 2805 6421 11508 1180 4054 5452 2504 9524 4073 4118 12250 7587 7470 5366 1320 4752 12194 1424 9992 1506 6592 1132 11976 9739 6888 7721 6867 13463 5018 5891 8326 6905 7823 6473 5592 6826 13425 2999 7730 1616 5728 6118 3421 7221 3358 5386 4829 882 2116 9093 3546 4436 332 11646 4366 2960 2552 4161 1337 10212 342 
161 17000 4429 1967 4630 5215 5149 3261 924 225 3413 3366 463 418 605 3849 2717 206 3119 741 648 3013 409 5052 1664 3750 4380 1961 3651 4717 4200 3703 4024 1822 5085 5163 2487 266 5195 2596 825 1790 4534 1516 3107 1504 1245 
162 30000 6927 1329 3332 4285 6150 3259 2838 224 6083 2714 9195 3553 6560 3647 1554 8659 4710 2922 1913 534 2531 711 8898 4985 282 1766 248 6428 4352 4383 1845 5355 3054 8175 3969 470 913 3452 8544 2820 6517 1642 5855 3319 2142 2888 2730 5137 5999 2828 7721 7619 3934 2086 1672 7109 4287 5574 2225 4884 391 602 2123 3192 2178 6696 7056 2285 5906 874 2637 7763 5884 6458 5163 8027 7446 7209 
163 47000 8691 4435 3919 6625 2563 6643 1011 6536 9376 5793 805 9210 111 4701 6494 3512 4877 1172 3621 12826 3442 7344 5494 8350 12835 6969 4 4148 4471 3165 11455 2911 5087 11604 7730 4937 8695 3718 11800 12333 5824 9565 7390 5848 4091 7401 5015 509 1178 8628 367 1509 6749 4919 387 2361 10366 31 9803 12414 1060 5269 6385 3039 11676 545 11126 2298 753 6850 5116 2255 6051 8516 615 2810 4252 12181 5636 5306 2868 13381 7440 7760 1863 1059 2434 7956 13088 4342 6167 12770 1773 11645 9479 6084 9619 10804 7021 4263 12433 2734 7192 1987 868 4451 218 12154 5254 5407 3200 11454 3282 4109 1827 5626 
164 16000 3442 1038 1359 2288 1738 140 3051 2875 914 275 3416 4043 728 987 3839 269 1590 792 3560 1314 348 769 4417 1706 287 197 3472 3697 3164 4590 3642 1091 470 2344 3736 3420 4419 3086 2511 1372 
165 20000 3189 3193 4713 4894 3473 3360 4738 1852 4322 2752 5612 2858 4651 1127 5512 3280 125 2249 5449 4510 2943 3355 2216 2274 181 881 942 102 2502 2020 2160 2370 216 4169 5632 657 2186 1660 4817 2543 517 4291 1215 3020 5853 2836 1787 825 928 2126 
166 38000 2103 5977 8423 4755 307 4763 7472 4117 589 2529 5819 2446 9300 2569 6444 191 1128 8374 1440 2632 101 1588 3013 7717 9895 534 80 1012 1445 643 8941 8161 9127 327 10664 757 5763 8334 11075 10731 2876 3544 1237 3104 3858 3576 9906 3486 10409 3234 6330 7171 3283 523 1070 601 728 2152 9768 5883 9154 6721 7994 617 2506 1812 1183 7058 5263 2274 4816 4679 1336 9019 7886 7464 9452 2108 4668 9116 7673 5249 298 9756 7931 3866 5344 2015 11233 4214 9573 3798 4218 1561 4963 
167 20000 1154 2121 2144 2944 2894 4547 1387 1983 4844 5879 1418 6226 6424 4082 582 241 4161 4247 2603 726 4570 898 4246 1420 1809 5273 6023 1497 651 3953 2199 4937 247 5231 2422 2480 757 885 475 4895 2257 662 5470 3882 4073 357 1234 717 6134 461 2725 1281 574 3503 3775 2561 
168 19000 1282 2915 3074 1871 190 2081 4525 1033 4141 948 5297 3197 3699 2590 420 62 2070 2579 3410 4374 1111 81 3548 5173 2586 2148 2001 3143 472 1922 2102 254 2784 5034 1410 3152 5401 1868 1556 2571 2350 2690 2660 1835 3915 4292 
169 46000 2630 10425 3309 3403 6549 8063 3409 3642 11166 7511 4480 2484 74 3838 2679 318 2402 4783 3554 10575 10070 10430 4771 6349 4931 12187 1888 12957 4709 6346 1689 6618 5745 1698 4606 5808 1962 2238 4157 8105 7706 6529 7525 9169 2355 3052 6081 6993 140 10107 4832 1620 11359 1262 5668 5574 334 6247 2637 4227 2284 383 4681 2773 7843 5232 10360 7409 6133 404 5726 6456 855 7078 7395 4484 7760 6765 3388 6215 2320 5079 518 10815 4850 1579 1735 2688 4300 6997 7247 5795 6295 2292 10778 5212 10267 1024 2152 1682 1367 5244 3637 2568 5617 8870 663 829 4262 8813 7052 
170 19000 1574 1343 641 1455 4897 1071 2759 4818 3586 1324 2747 3984 71 3727 3679 1422 3388 2113 696 2710 1107 814 439 746 5381 542 928 611 3640 736 3132 2691 4158 1788 3161 4361 2391 3906 4946 4646 3742 1782 5264 4428 767 817 953 
171 23000 376 5045 2310 2189 3206 6823 1748 1685 1627 3499 552 5935 2356 3426 4218 6758 2785 1834 6047 4155 4402 3812 1392 3736 6917 6029 4369 442 3332 294 456 3643 5611 93 3406 2445 166 5751 292 4998 113 5256 558 2369 99 3342 434 4500 2396 714 2168 4594 4966 2929 1979 1152 3622 2840 1213 
172 46000 2019 13084 4567 2300 8589 4332 10062 11159 1639 911 10612 3763 6242 2750 13096 12267 8181 4082 814 7745 3759 2149 5555 6762 678 6060 3052 3362 10414 7702 8280 1599 3633 2050 3336 3992 3625 9176 2588 4632 5644 1460 7789 5137 5100 1378 9556 6142 6332 12358 76 11234 3103 10771 12228 981 2437 10168 543 7017 4448 1618 5808 9858 9149 9134 7357 10947 3246 1289 12137 315 7177 3671 8764 1133 11728 3895 288 3834 12476 3373 1800 6044 10529 13130 12726 6725 392 6051 6673 2534 7213 8248 6679 4970 3429 11396 442 7028 6112 6194 3942 5182 13129 1512 6090 10099 2235 1527 10050 
173 21000 2279 1189 1851 2116 2210 3448 1327 1365 2058 985 4789 2521 3532 2125 3904 4909 3438 163 64 2448 5950 174 1244 843 4139 6637 2924 1146 6335 2416 1004 4030 924 4868 1338 6307 6878 1816 6903 5672 5409 2751 6438 4057 4024 1011 3936 6585 2745 2883 5605 2190 5698 231 1013 2763 1757 5919 4641 
174 44000 4637 5738 4464 7716 6660 5303 886 6608 5605 2934 6000 859 4523 1133 6537 11136 5699 11524 2952 6813 5888 5165 1421 2885 7075 4488 1838 439 2053 994 2467 9526 11569 7760 5971 3594 6835 8247 9700 6096 3813 4560 391 1501 12715 1705 3432 5919 12709 4933 12850 166 1756 2328 11375 10037 1779 9743 5413 2424 2411 1132 7416 4786 8270 922 1323 4010 7663 1196 5364 3478 4635 4965 2645 6308 2352 2879 4398 357 2723 6985 12736 5664 8686 6517 5345 6854 11127 3915 6356 3125 6811 2278 9555 8427 6135 9905 4372 6946 8967 4521 5730 9277 11494 8939 1850 3567 5766 
175 37000 9208 8497 2333 7896 5016 2775 10896 12250 1051 348 6250 8224 9817 6491 2254 7322 2688 705 12091 8324 11973 5938 4904 605 4786 4603 11209 1834 10366 2987 5189 9211 6363 2397 11630 4244 10174 1059 12371 98 5131 1726 4191 7182 3875 10598 1271 3636 2888 2385 5889 6343 6372 505 4850 11549 6484 529 10042 7204 518 3002 10690 7031 4845 6165 1241 1505 11285 4705 5679 2892 8992 8298 3123 6710 5137 8926 10905 7808 5963 6625 6362 8722 3244 6586 7447 4102 4158 3301 2257 8460 7481 1250 4989 970 8588 6240 4753 5414 50 6668 11951 3379 5857 
176 21000 1016 2593 218 619 1410 2124 786 2916 5849 6023 912 1479 678 2755 1038 413 4587 4747 4508 4463 2801 4135 958 5246 2835 4030 6482 5375 4471 565 1850 606 3897 6298 1623 587 3347 887 3065 3062 1 6062 1091 2125 4825 4037 5000 2078 2317 2262 6001 3387 3085 5037 2352 
177 17000 1707 4707 2731 3615 1037 481 1132 488 1715 80 3135 1499 3499 3814 3934 4786 3390 3520 4708 53 330 2159 3864 3024 880 3654 3271 4166 823 1572 90 1774 2096 3746 2955 2691 541 2512 1746 1777 2835 
178 46000 5340 4702 11086 4441 2881 166 3843 8941 13733 6790 1915 3836 3667 7737 1020 425 4790 3180 3576 12494 14078 155 5842 8434 945 10828 7155 7544 2976 6625 7873 10815 3728 5548 13366 6461 2583 6384 5214 2957 11773 6181 8896 10361 311 1707 9650 7867 2250 965 5815 10080 5732 13444 2189 14349 13311 8861 6709 5557 8956 14332 7425 13694 9234 13346 2055 2796 6833 4114 3550 7086 2523 13931 9344 4250 10653 12075 2732 5020 13059 14051 5711 9009 13776 11160 4285 4300 6520 7834 10219 2337 3252 13130 12280 1044 3173 1485 3179 5882 179 3136 10562 13513 1018 5384 2827 12715 983 2373 833 2205 10879 3758 11268 262 5298 3206 2178 12769 12337 2968 
179 40000 6140 8555 5485 2071 9280 4413 5318 2744 4410 7578 2900 359 8657 2506 3299 7723 6759 1674 9350 7747 11790 1696 4673 7836 456 8263 8580 6949 4623 2045 3607 608 1767 4489 6959 7054 250 2874 6966 8456 3987 8543 471 1247 9627 4093 6928 424 8386 3831 6885 6675 2133 4474 3793 4755 315 760 1135 9763 5825 543 5221 7604 6787 10289 1082 5005 6599 2240 11766 5583 482 3082 2555 2371 7607 5871 132 4226 3136 4110 868 3321 4768 6595 621 1282 3200 752 6406 1784 10066 3502 4944 8799 294 6268 3507 6603 11210 8175 
180 21000 5055 3178 479 3498 4059 5731 5222 2797 3957 2950 21 5704 2791 722 4929 4575 3303 1793 1378 5631 2701 5871 4348 940 2572 5148 2718 883 2768 1637 3384 5105 185 1667 1594 4841 2717 48 4318 2937 5315 665 263 1321 439 2458 5557 4892 1644 732 
181 39000 3606 6779 3380 3323 11080 2684 8798 2905 405 6274 8473 5435 5505 7439 5074 4220 3410 1811 7802 8196 3200 2402 7262 2864 7316 7939 11510 2105 5466 3781 1132 2270 1424 8370 647 1310 5664 9272 1057 7840 8419 9982 8943 4188 952 5470 8914 8400 439 3628 1354 407 6698 5131 1585 1748 11789 2159 3760 699 147 755 8760 9780 1164 6564 3356 1927 8785 7180 4044 7621 7568 6716 3254 5635 4920 8654 4612 3252 1301 4902 8655 4965 11184 6753 10237 5070 2584 5323 6291 1469 9925 5912 6543 9832 6514 5093 8016 4441 
182 26000 3161 5472 4428 890 764 2526 4103 5394 1487 5541 307 2566 2923 3984 6782 3523 4701 4343 2584 491 927 4155 1252 3477 5134 6300 1708 5213 71 7063 4396 3483 207 1770 5997 5572 4864 4912 1620 1763 657 4707 6406 77 4084 4079 5583 1647 1844 4578 5869 3993 7552 4497 4655 277 1774 6386 2776 1336 4801 4702 6152 4003 3457 4733 4331 
